0:
name   = C
TypeId = 3
Power  = 50
{47, 12, 52, 255, 114, 17, 141, 9, 114, 43, 159, 157, 120, 109, 289, 158, 202, 199, 173, 69, 70, 168, 268, 146, 221, 254, 39, 215, 244, 54, 102, 186, 169, 96, 162, 264, 143, 208, 107, 148, 171, 209, 53, 90, 241, 263, 81, 210, 215, 173, 44, 248, 82, 193, 124, 244, 153, 207, 59, 62, 41, 198, 119, 157, 88, 79, 86, 245, 287, 33, 174, 266, 179, 96, 111, 113, 202, 278, 271, 231, 269, 240, 225, 154, 213, 247, 247, 131, 213, 131, 67, 246, 8, 191, 255, 72, 258, 14, 224, 154, 29, 205, 18, 197, 5, 119, 66, 256, 14, 7, 96, 224, 59, 35, 129, 265, 119, 279, 152, 270, 190, 281, 240, 174, 286, 139, 262, 86, 152, 87, 262, 15, 107, 8, 47, 81, 75, 182, 126, 36, 202, 145, 75, 272, 73, 112, 261, 54, 229, 222, 23, 7, 219, 192, 182, 148, 60, 169, 140, 162, 202, 85, 1, 263, 43, 118, 281, 277, 141, 59, 206, 121, 114, 73, 281, 163, 257, 168, 261, 137, 93, 114, 217, 1, 95, 76, 219, 130, 283, 198, 218, 164, 245, 221, 29, 262, 149, 135, 174, 58, 58, 3, 60, 124, 120, 172, 14, 114, 120, 126, 153, 123, 170, 149, 15, 101, 134, 73, 139, 124, 33, 130, 56, 77, 118, 146, 272, 242, 10, 289, 269, 229, 40, 253, 51, 86, 31, 288, 60, 255, 191, 13, 174, 235, 7, 4, 199, 122, 288, 79, 22, 87, 35, 9, 40, 177, }
livetime  = 1499
kill  = 4
No death
1:
name   = C
TypeId = 3
Power  = 28
{47, 12, 52, 255, 114, 17, 141, 9, 114, 43, 159, 157, 120, 109, 289, 158, 202, 199, 173, 69, 70, 168, 268, 146, 221, 254, 39, 215, 244, 54, 102, 186, 169, 96, 162, 264, 58, 208, 92, 148, 171, 209, 53, 90, 241, 263, 81, 210, 215, 173, 44, 248, 82, 193, 124, 244, 153, 207, 59, 62, 41, 198, 119, 157, 88, 79, 86, 245, 106, 33, 174, 266, 179, 96, 111, 113, 108, 278, 271, 231, 58, 240, 225, 154, 213, 247, 247, 131, 213, 131, 67, 246, 8, 191, 255, 72, 258, 14, 224, 154, 29, 205, 18, 197, 5, 119, 66, 256, 14, 7, 96, 219, 59, 35, 129, 265, 119, 279, 152, 270, 190, 281, 240, 174, 286, 139, 262, 95, 152, 87, 262, 15, 107, 8, 47, 81, 75, 182, 126, 36, 202, 145, 75, 272, 73, 112, 261, 54, 229, 222, 23, 7, 219, 192, 182, 148, 60, 169, 140, 162, 202, 85, 1, 263, 43, 118, 281, 252, 141, 178, 206, 121, 114, 73, 281, 163, 257, 168, 261, 137, 93, 114, 217, 1, 95, 76, 219, 130, 283, 198, 218, 164, 245, 221, 29, 262, 149, 135, 174, 58, 70, 3, 60, 124, 120, 172, 14, 114, 120, 126, 153, 123, 170, 149, 15, 101, 134, 73, 139, 124, 33, 186, 56, 77, 118, 146, 272, 242, 230, 289, 269, 229, 40, 253, 51, 86, 31, 288, 60, 255, 191, 13, 174, 235, 7, 4, 199, 122, 288, 79, 22, 87, 35, 9, 40, 177, }
livetime  = 1499
kill  = 5
No death
2:
name   = Slinky
TypeId = 3
Power  = 23
{47, 12, 52, 255, 114, 17, 141, 9, 114, 43, 159, 157, 120, 109, 289, 158, 202, 199, 173, 69, 70, 168, 268, 146, 221, 254, 39, 215, 244, 54, 102, 186, 169, 96, 162, 264, 58, 208, 92, 148, 171, 209, 286, 241, 241, 263, 81, 210, 215, 173, 44, 248, 82, 193, 124, 244, 153, 207, 59, 127, 41, 198, 119, 157, 88, 79, 86, 105, 106, 33, 174, 266, 179, 96, 63, 113, 202, 278, 271, 231, 58, 240, 225, 154, 213, 247, 247, 131, 213, 131, 67, 123, 8, 191, 255, 72, 258, 14, 224, 154, 29, 205, 18, 197, 5, 119, 66, 256, 14, 7, 96, 224, 59, 35, 129, 265, 119, 279, 152, 270, 190, 281, 240, 174, 286, 139, 262, 86, 152, 87, 262, 15, 107, 8, 47, 81, 75, 182, 126, 36, 202, 145, 75, 272, 73, 112, 261, 225, 229, 19, 23, 7, 219, 192, 182, 148, 60, 169, 140, 162, 202, 85, 1, 263, 230, 118, 281, 277, 141, 59, 206, 121, 114, 73, 281, 163, 257, 168, 195, 137, 93, 114, 217, 1, 95, 76, 219, 130, 283, 198, 218, 164, 245, 221, 29, 262, 149, 135, 174, 58, 58, 3, 60, 124, 120, 172, 14, 114, 120, 126, 153, 123, 170, 21, 15, 101, 134, 73, 139, 124, 33, 186, 56, 77, 118, 146, 272, 242, 230, 289, 269, 229, 40, 253, 51, 86, 31, 288, 162, 255, 191, 13, 174, 235, 7, 4, 199, 122, 288, 79, 22, 87, 35, 9, 40, 177, }
livetime  = 1498
kill  = 2
Hunger
