0:
name   = F
TypeId = 2
Power  = 13
{123, 147, 263, 171, 209, 8, 152, 176, 33, 111, 264, 181, 196, 187, 203, 110, 120, 214, 20, 2, 263, 166, 62, 120, 89, 108, 26, 265, 114, 124, 283, 41, 123, 163, 159, 34, 35, 204, 288, 274, 17, 265, 137, 242, 288, 223, 208, 85, 102, 108, 248, 232, 115, 286, 219, 271, 224, 73, 123, 111, 35, 234, 86, 84, 250, 269, 111, 178, 176, 272, 14, 186, 255, 69, 148, 164, 171, 142, 147, 138, 121, 159, 214, 51, 128, 89, 164, 220, 128, 92, 180, 170, 58, 131, 48, 143, 111, 86, 31, 233, 81, 103, 127, 78, 182, 253, 120, 201, 93, 274, 128, 100, 52, 91, 61, 92, 288, 219, 241, 223, 19, 171, 172, 116, 271, 268, 254, 126, 274, 251, 15, 161, 46, 29, 111, 187, 68, 144, 105, 183, 1, 108, 153, 161, 253, 257, 265, 280, 279, 115, 192, 287, 258, 120, 279, 231, 26, 119, 132, 234, 220, 187, 1, 118, 239, 11, 119, 97, 8, 285, 248, 276, 162, 148, 232, 106, 199, 25, 164, 192, 6, 201, 205, 222, 78, 273, 139, 67, 115, 270, 180, 89, 204, 21, 260, 75, 75, 55, 210, 176, 217, 148, 257, 131, 118, 267, 0, 202, 199, 46, 211, 249, 181, 12, 118, 80, 137, 128, 74, 191, 92, 208, 140, 136, 172, 128, 89, 186, 44, 225, 250, 101, 261, 114, 182, 19, 66, 282, 101, 250, 126, 81, 61, 137, 21, 103, 160, 114, 35, 100, 136, 114, 97, 8, 137, 134, }
livetime  = 1443
kill  = 1
Hunger
1:
name   = Barsik
TypeId = 2
Power  = 7
{123, 147, 263, 171, 209, 155, 152, 176, 33, 111, 264, 181, 196, 187, 203, 110, 120, 214, 20, 2, 263, 166, 62, 120, 89, 108, 26, 265, 114, 124, 283, 41, 123, 145, 159, 34, 35, 204, 288, 274, 17, 265, 137, 242, 288, 223, 208, 85, 102, 108, 248, 232, 115, 286, 277, 271, 224, 73, 123, 111, 35, 234, 86, 84, 250, 269, 111, 178, 176, 272, 14, 186, 255, 69, 148, 164, 171, 142, 147, 143, 121, 159, 208, 51, 128, 89, 164, 220, 128, 92, 180, 170, 58, 131, 48, 143, 111, 86, 31, 67, 76, 103, 127, 78, 182, 253, 120, 201, 72, 274, 208, 100, 52, 91, 61, 92, 288, 219, 252, 223, 19, 171, 172, 116, 271, 268, 254, 126, 274, 251, 15, 161, 46, 29, 111, 187, 68, 144, 105, 183, 1, 108, 128, 161, 253, 257, 265, 280, 279, 115, 192, 287, 265, 120, 279, 50, 26, 119, 132, 234, 220, 187, 1, 118, 239, 11, 119, 97, 8, 285, 248, 276, 252, 148, 232, 106, 199, 25, 164, 211, 6, 201, 12, 222, 78, 273, 139, 67, 115, 270, 180, 225, 204, 21, 260, 75, 75, 55, 61, 176, 217, 148, 257, 250, 118, 267, 0, 202, 199, 46, 211, 249, 181, 12, 157, 80, 137, 128, 74, 191, 5, 208, 140, 136, 147, 128, 89, 186, 44, 225, 11, 101, 147, 114, 182, 19, 66, 282, 101, 250, 126, 81, 61, 137, 21, 103, 160, 114, 35, 100, 136, 114, 97, 8, 137, 134, }
livetime  = 1422
kill  = 0
Hunger
2:
name   = F
TypeId = 3
Power  = 12
{123, 147, 263, 171, 209, 8, 152, 176, 33, 111, 264, 181, 196, 187, 203, 110, 120, 214, 20, 2, 150, 166, 62, 120, 89, 108, 26, 265, 114, 124, 283, 235, 123, 163, 159, 34, 35, 204, 288, 274, 17, 265, 137, 242, 288, 223, 208, 85, 102, 108, 248, 232, 115, 286, 219, 271, 224, 73, 123, 111, 35, 234, 86, 84, 250, 269, 111, 178, 176, 272, 14, 186, 255, 69, 148, 164, 171, 142, 147, 143, 121, 159, 214, 51, 128, 89, 164, 220, 128, 92, 180, 170, 58, 131, 48, 88, 111, 86, 31, 67, 81, 103, 127, 78, 182, 253, 120, 201, 93, 274, 128, 100, 52, 91, 61, 92, 288, 219, 241, 223, 19, 171, 172, 116, 271, 268, 254, 126, 274, 251, 15, 161, 46, 29, 111, 187, 68, 144, 105, 183, 1, 108, 128, 161, 253, 257, 265, 280, 279, 115, 192, 287, 258, 120, 279, 231, 26, 119, 132, 234, 225, 187, 1, 118, 239, 11, 119, 97, 8, 285, 248, 276, 162, 148, 232, 188, 199, 25, 164, 211, 6, 201, 205, 222, 78, 273, 139, 67, 115, 270, 180, 89, 204, 21, 275, 75, 75, 55, 61, 176, 217, 148, 257, 131, 118, 267, 0, 202, 199, 46, 211, 249, 181, 12, 118, 80, 137, 128, 74, 191, 92, 208, 140, 136, 147, 128, 89, 186, 44, 225, 250, 101, 261, 114, 182, 19, 66, 282, 101, 250, 126, 81, 61, 137, 21, 103, 160, 114, 35, 100, 136, 114, 97, 8, 137, 134, }
livetime  = 778
kill  = 0
Hunger
3:
name   = Nala
TypeId = 3
Power  = 35
{277, 147, 263, 171, 209, 8, 196, 176, 65, 111, 264, 181, 92, 187, 203, 110, 120, 214, 20, 2, 246, 166, 62, 120, 89, 219, 26, 265, 114, 124, 283, 41, 123, 187, 159, 34, 35, 204, 288, 274, 106, 265, 137, 195, 288, 223, 208, 85, 102, 108, 248, 232, 115, 251, 219, 271, 224, 73, 123, 111, 35, 234, 249, 84, 250, 269, 111, 178, 176, 272, 14, 186, 255, 69, 148, 22, 168, 142, 23, 143, 121, 212, 214, 51, 128, 63, 164, 220, 54, 82, 116, 170, 58, 131, 48, 143, 111, 86, 31, 202, 81, 103, 38, 78, 182, 110, 120, 46, 93, 274, 208, 100, 52, 132, 116, 92, 288, 125, 252, 223, 19, 171, 172, 116, 271, 268, 254, 279, 274, 251, 231, 161, 46, 29, 111, 187, 68, 144, 105, 183, 1, 108, 182, 161, 253, 257, 265, 128, 111, 115, 192, 287, 258, 120, 279, 231, 225, 119, 132, 234, 75, 187, 116, 118, 239, 11, 119, 97, 8, 285, 248, 276, 162, 193, 232, 106, 13, 25, 164, 211, 6, 201, 205, 222, 244, 273, 115, 253, 115, 174, 180, 89, 204, 21, 260, 75, 75, 55, 61, 176, 279, 203, 257, 131, 242, 267, 0, 202, 199, 201, 211, 249, 181, 12, 166, 80, 137, 128, 74, 191, 28, 208, 140, 136, 147, 128, 89, 186, 44, 225, 11, 81, 147, 114, 182, 19, 66, 282, 101, 33, 126, 81, 61, 137, 21, 103, 160, 114, 192, 0, 136, 114, 183, 230, 137, 179, }
livetime  = 767
kill  = 6
Hunger
4:
name   = Musya
TypeId = 3
Power  = 8
{123, 147, 263, 171, 209, 208, 152, 176, 65, 111, 264, 181, 92, 187, 203, 110, 120, 214, 20, 2, 246, 166, 62, 120, 89, 219, 26, 265, 114, 112, 283, 41, 123, 187, 159, 34, 35, 204, 288, 274, 106, 265, 137, 195, 288, 223, 208, 85, 102, 108, 248, 232, 115, 251, 219, 271, 207, 73, 123, 111, 35, 234, 86, 84, 250, 269, 111, 178, 176, 272, 14, 186, 255, 69, 148, 22, 168, 142, 23, 143, 121, 276, 214, 51, 128, 253, 164, 220, 182, 140, 116, 170, 58, 131, 48, 143, 111, 86, 31, 202, 81, 103, 127, 78, 182, 26, 120, 46, 93, 274, 208, 100, 52, 91, 116, 92, 288, 219, 252, 223, 19, 171, 172, 116, 271, 268, 254, 279, 274, 251, 231, 161, 46, 54, 111, 187, 68, 144, 105, 183, 1, 108, 182, 161, 253, 257, 265, 128, 279, 115, 192, 287, 258, 120, 279, 231, 136, 119, 132, 234, 75, 187, 116, 259, 239, 11, 119, 97, 8, 285, 248, 276, 162, 38, 232, 106, 199, 25, 164, 211, 6, 201, 205, 222, 78, 273, 115, 4, 115, 270, 180, 89, 204, 21, 260, 75, 75, 55, 238, 176, 279, 203, 257, 131, 242, 267, 0, 202, 199, 201, 211, 249, 181, 12, 166, 80, 178, 128, 74, 191, 5, 208, 140, 136, 147, 128, 89, 186, 0, 225, 11, 81, 34, 114, 182, 19, 36, 282, 101, 33, 126, 81, 61, 137, 21, 103, 160, 114, 192, 0, 136, 114, 183, 65, 137, 179, }
livetime  = 691
kill  = 1
EATEN BY Nala
5:
name   = F
TypeId = 3
Power  = 5
{123, 147, 263, 229, 209, 8, 152, 176, 33, 111, 264, 181, 111, 187, 203, 110, 120, 214, 20, 2, 263, 166, 62, 120, 89, 108, 26, 265, 114, 124, 283, 41, 123, 8, 159, 34, 35, 284, 288, 274, 17, 265, 137, 242, 288, 223, 208, 85, 102, 108, 248, 232, 115, 286, 240, 271, 224, 73, 123, 111, 35, 137, 86, 84, 250, 269, 111, 178, 176, 272, 14, 186, 255, 69, 148, 164, 171, 142, 147, 143, 121, 159, 214, 51, 128, 89, 164, 220, 122, 92, 166, 170, 273, 131, 48, 143, 111, 86, 31, 67, 81, 103, 127, 78, 182, 200, 120, 201, 93, 274, 142, 100, 52, 91, 61, 92, 288, 219, 252, 223, 19, 171, 172, 116, 271, 268, 254, 126, 274, 251, 15, 161, 46, 29, 111, 187, 68, 144, 105, 183, 1, 181, 182, 161, 253, 257, 28, 128, 279, 115, 192, 287, 258, 120, 279, 231, 26, 119, 132, 234, 194, 187, 224, 118, 239, 11, 119, 97, 8, 285, 248, 276, 163, 148, 90, 106, 199, 25, 164, 285, 6, 174, 205, 222, 72, 273, 139, 67, 115, 270, 180, 89, 204, 21, 260, 75, 75, 55, 61, 176, 217, 148, 257, 131, 118, 267, 0, 202, 199, 201, 211, 249, 181, 12, 157, 80, 137, 128, 74, 191, 5, 208, 242, 136, 147, 128, 89, 186, 49, 225, 11, 101, 147, 114, 182, 279, 66, 282, 101, 250, 126, 81, 61, 137, 21, 103, 160, 114, 35, 100, 136, 114, 183, 207, 137, 134, }
livetime  = 671
kill  = 0
Hunger
6:
name   = C
TypeId = 3
Power  = 26
{123, 147, 263, 171, 209, 208, 152, 176, 65, 111, 264, 181, 92, 187, 203, 110, 120, 214, 20, 2, 246, 166, 62, 120, 89, 219, 26, 265, 114, 124, 283, 41, 123, 187, 159, 34, 35, 204, 288, 274, 106, 265, 137, 195, 288, 223, 208, 85, 102, 108, 248, 232, 115, 251, 219, 143, 224, 73, 123, 111, 35, 234, 86, 84, 250, 269, 111, 178, 176, 272, 14, 186, 255, 69, 148, 22, 168, 142, 23, 143, 121, 276, 214, 51, 128, 253, 164, 220, 182, 140, 116, 170, 58, 131, 48, 143, 111, 86, 31, 202, 81, 103, 127, 78, 182, 26, 120, 46, 93, 274, 208, 100, 52, 91, 116, 92, 288, 219, 252, 223, 19, 171, 172, 116, 271, 268, 254, 279, 274, 251, 231, 161, 46, 54, 111, 187, 68, 144, 105, 183, 1, 108, 182, 161, 253, 257, 265, 128, 279, 115, 192, 287, 258, 120, 279, 231, 136, 119, 132, 234, 75, 187, 116, 259, 239, 11, 119, 97, 8, 285, 248, 219, 162, 38, 232, 106, 199, 25, 164, 211, 6, 201, 205, 222, 78, 273, 115, 4, 115, 270, 180, 89, 204, 21, 260, 75, 75, 55, 238, 176, 279, 203, 257, 131, 242, 267, 0, 202, 199, 201, 211, 249, 181, 12, 166, 80, 178, 128, 74, 191, 5, 208, 140, 136, 147, 128, 89, 186, 0, 225, 11, 81, 147, 114, 182, 19, 36, 133, 101, 33, 126, 81, 61, 137, 21, 103, 160, 114, 192, 0, 136, 114, 183, 65, 137, 179, }
livetime  = 647
kill  = 5
Hunger
7:
name   = Slytherin
TypeId = 3
Power  = 24
{123, 147, 263, 171, 209, 8, 152, 176, 33, 111, 264, 181, 196, 187, 203, 110, 120, 214, 20, 2, 263, 166, 62, 120, 89, 108, 26, 265, 114, 124, 283, 41, 123, 145, 159, 34, 35, 204, 288, 274, 17, 265, 137, 242, 288, 223, 208, 85, 102, 108, 248, 232, 115, 286, 277, 271, 224, 73, 123, 111, 35, 234, 86, 84, 250, 269, 111, 178, 176, 272, 14, 186, 255, 69, 148, 164, 171, 142, 147, 143, 121, 159, 79, 51, 128, 89, 164, 220, 128, 92, 180, 170, 58, 131, 48, 143, 111, 86, 31, 67, 81, 103, 127, 78, 182, 253, 120, 201, 72, 274, 208, 100, 52, 91, 61, 92, 288, 219, 252, 128, 19, 171, 172, 116, 271, 268, 254, 126, 274, 251, 15, 161, 46, 29, 111, 187, 68, 144, 105, 183, 1, 108, 128, 161, 253, 257, 265, 280, 279, 115, 192, 287, 258, 120, 279, 50, 26, 110, 132, 234, 220, 187, 1, 118, 239, 11, 119, 97, 8, 285, 248, 276, 252, 148, 232, 106, 199, 25, 164, 211, 6, 201, 12, 222, 78, 273, 139, 67, 115, 270, 180, 225, 204, 21, 260, 75, 75, 55, 61, 176, 217, 148, 257, 250, 118, 267, 0, 202, 199, 46, 211, 249, 181, 12, 157, 80, 137, 128, 74, 191, 5, 208, 140, 136, 147, 128, 89, 186, 44, 225, 11, 101, 147, 114, 182, 19, 66, 282, 101, 250, 126, 81, 61, 137, 21, 103, 160, 114, 35, 100, 136, 114, 97, 8, 137, 134, }
livetime  = 447
kill  = 0
EATEN BY Nala
