0:
name   = Musya
TypeId = 1
Power  = 44
{258, 147, 263, 273, 64, 240, 241, 120, 229, 111, 264, 256, 97, 198, 197, 271, 11, 176, 192, 2, 72, 106, 128, 46, 99, 258, 67, 279, 247, 65, 183, 101, 112, 204, 114, 263, 171, 143, 220, 53, 285, 110, 238, 72, 18, 228, 251, 64, 118, 57, 288, 162, 62, 169, 222, 247, 148, 72, 222, 237, 48, 254, 49, 101, 280, 279, 15, 46, 148, 225, 14, 186, 11, 52, 51, 208, 105, 264, 133, 281, 175, 56, 103, 277, 273, 75, 198, 133, 236, 208, 207, 166, 257, 19, 288, 201, 82, 280, 104, 23, 98, 23, 189, 55, 22, 286, 206, 232, 127, 50, 82, 192, 217, 27, 211, 42, 24, 107, 139, 80, 19, 46, 86, 36, 271, 211, 123, 115, 50, 138, 42, 275, 182, 92, 144, 282, 195, 166, 105, 165, 1, 29, 67, 214, 38, 200, 244, 213, 164, 115, 86, 220, 20, 21, 27, 127, 274, 261, 132, 18, 108, 194, 97, 259, 88, 54, 17, 97, 8, 285, 12, 114, 254, 102, 128, 239, 260, 164, 84, 232, 60, 198, 2, 259, 47, 98, 176, 251, 119, 67, 210, 57, 132, 282, 197, 249, 4, 173, 196, 176, 234, 28, 249, 30, 260, 253, 123, 92, 226, 151, 102, 202, 181, 230, 236, 83, 194, 182, 146, 289, 283, 77, 102, 35, 110, 113, 159, 202, 165, 161, 221, 141, 120, 205, 262, 179, 169, 286, 160, 176, 87, 253, 155, 230, 21, 175, 221, 48, 121, 125, 168, 147, 113, 169, 214, 267, }
livetime  = 1001
kill  = 4
Hunger
1:
name   = Bella
TypeId = 1
Power  = 22
{258, 147, 263, 273, 64, 240, 241, 120, 229, 111, 264, 256, 97, 198, 197, 271, 11, 176, 192, 2, 72, 106, 225, 46, 99, 258, 67, 279, 247, 65, 183, 101, 112, 204, 114, 263, 171, 143, 220, 53, 285, 110, 238, 72, 18, 228, 251, 64, 118, 31, 288, 162, 62, 169, 222, 247, 148, 72, 222, 272, 48, 254, 49, 101, 280, 279, 15, 46, 148, 225, 14, 186, 11, 52, 51, 208, 105, 264, 133, 281, 175, 56, 103, 277, 273, 75, 198, 133, 236, 208, 207, 166, 257, 19, 288, 201, 82, 280, 104, 23, 98, 23, 189, 55, 22, 286, 206, 232, 127, 50, 82, 192, 217, 27, 211, 42, 24, 107, 139, 80, 19, 46, 86, 36, 271, 211, 123, 44, 50, 138, 42, 275, 182, 92, 144, 282, 195, 166, 105, 165, 1, 29, 67, 214, 38, 200, 244, 213, 225, 115, 86, 220, 20, 21, 27, 127, 274, 261, 132, 18, 108, 194, 97, 259, 88, 54, 17, 97, 8, 285, 12, 114, 254, 102, 162, 239, 260, 164, 84, 232, 60, 198, 2, 259, 47, 98, 176, 251, 119, 67, 210, 57, 132, 282, 197, 249, 4, 173, 196, 176, 234, 28, 249, 30, 260, 253, 123, 92, 226, 151, 102, 202, 181, 230, 236, 83, 194, 182, 146, 289, 283, 77, 102, 35, 110, 139, 159, 202, 165, 161, 221, 141, 120, 283, 262, 179, 169, 286, 160, 176, 87, 253, 155, 230, 21, 175, 221, 48, 121, 125, 168, 114, 113, 169, 214, 267, }
livetime  = 953
kill  = 2
Hunger
2:
name   = A
TypeId = 1
Power  = 52
{258, 147, 263, 273, 64, 240, 241, 120, 229, 111, 264, 256, 97, 198, 197, 271, 11, 176, 192, 2, 34, 106, 128, 273, 99, 258, 67, 279, 247, 65, 183, 101, 112, 204, 114, 198, 171, 143, 277, 53, 285, 110, 238, 72, 18, 228, 251, 64, 118, 31, 288, 162, 62, 169, 222, 247, 148, 94, 222, 81, 126, 254, 49, 101, 280, 279, 15, 46, 148, 225, 14, 186, 11, 52, 51, 217, 105, 276, 133, 281, 175, 56, 103, 277, 273, 75, 198, 133, 236, 38, 207, 166, 257, 19, 288, 201, 66, 280, 104, 23, 98, 23, 228, 55, 22, 286, 206, 232, 159, 50, 82, 192, 276, 27, 211, 42, 24, 63, 139, 80, 19, 46, 86, 36, 271, 211, 123, 115, 50, 138, 42, 275, 182, 92, 102, 282, 195, 166, 105, 165, 1, 29, 67, 214, 38, 200, 44, 213, 164, 115, 86, 220, 20, 21, 27, 127, 274, 261, 132, 18, 108, 194, 97, 259, 88, 54, 17, 97, 8, 285, 12, 114, 254, 102, 128, 239, 260, 164, 95, 232, 60, 198, 2, 259, 47, 98, 176, 251, 119, 49, 210, 57, 132, 282, 197, 249, 4, 173, 196, 176, 234, 28, 249, 130, 260, 253, 123, 88, 226, 151, 102, 202, 181, 230, 236, 83, 194, 182, 146, 289, 162, 77, 18, 35, 110, 139, 159, 202, 165, 161, 221, 141, 120, 205, 16, 179, 169, 286, 160, 176, 87, 253, 269, 230, 21, 175, 221, 48, 121, 11, 168, 114, 153, 3, 214, 285, }
livetime  = 916
kill  = 0
Hunger
3:
name   = C
TypeId = 1
Power  = 23
{258, 147, 263, 20, 64, 240, 241, 120, 229, 111, 264, 256, 97, 198, 197, 271, 11, 222, 192, 2, 181, 106, 139, 46, 59, 258, 67, 279, 247, 65, 281, 101, 112, 204, 107, 198, 171, 143, 277, 53, 285, 110, 238, 72, 18, 228, 251, 64, 118, 31, 288, 162, 62, 169, 222, 247, 148, 234, 222, 237, 126, 254, 49, 101, 280, 279, 15, 46, 148, 180, 14, 186, 11, 52, 51, 208, 81, 264, 133, 281, 175, 56, 103, 277, 273, 75, 198, 133, 236, 208, 241, 249, 257, 19, 288, 201, 82, 110, 104, 23, 98, 23, 189, 55, 22, 45, 206, 232, 159, 50, 82, 144, 217, 27, 211, 42, 24, 107, 139, 80, 19, 46, 86, 36, 271, 211, 123, 115, 50, 287, 42, 275, 182, 92, 144, 282, 195, 166, 105, 165, 1, 29, 67, 214, 38, 200, 79, 213, 164, 115, 86, 220, 20, 21, 27, 138, 9, 261, 132, 18, 108, 194, 114, 259, 88, 54, 17, 97, 8, 285, 12, 114, 254, 102, 128, 184, 260, 164, 138, 232, 60, 198, 2, 259, 47, 98, 176, 251, 119, 49, 71, 57, 132, 282, 197, 249, 4, 173, 196, 176, 234, 28, 249, 130, 260, 253, 123, 92, 226, 151, 102, 202, 181, 230, 236, 83, 194, 6, 146, 289, 283, 77, 18, 35, 110, 139, 159, 202, 165, 161, 221, 141, 120, 205, 16, 179, 169, 286, 160, 176, 87, 26, 269, 230, 21, 175, 221, 48, 38, 279, 168, 114, 153, 169, 214, 267, }
livetime  = 584
kill  = 5
Hunger
4:
name   =   Slinky              
TypeId = 1
Power  = 14
{258, 147, 263, 273, 64, 240, 241, 120, 229, 111, 264, 256, 97, 198, 197, 271, 11, 176, 192, 2, 72, 106, 128, 46, 99, 258, 67, 279, 247, 65, 183, 101, 112, 204, 114, 263, 171, 143, 220, 53, 285, 110, 238, 72, 18, 228, 251, 64, 118, 31, 288, 162, 62, 169, 222, 247, 148, 72, 222, 237, 48, 254, 49, 101, 280, 279, 15, 46, 148, 225, 14, 186, 11, 52, 51, 208, 105, 264, 133, 281, 175, 56, 103, 277, 273, 75, 198, 133, 236, 208, 207, 166, 257, 19, 288, 201, 82, 280, 104, 23, 98, 23, 189, 55, 22, 286, 206, 232, 127, 50, 82, 192, 217, 27, 211, 42, 24, 107, 139, 80, 19, 46, 86, 36, 271, 211, 123, 115, 50, 138, 42, 275, 182, 92, 144, 282, 195, 166, 105, 165, 1, 29, 67, 214, 38, 200, 244, 213, 164, 115, 86, 220, 20, 21, 27, 127, 274, 261, 132, 18, 108, 194, 97, 259, 88, 54, 17, 97, 8, 285, 12, 114, 254, 102, 128, 239, 260, 164, 84, 232, 60, 198, 2, 259, 47, 98, 176, 251, 119, 67, 210, 57, 132, 282, 197, 249, 4, 173, 196, 176, 234, 28, 249, 30, 260, 253, 123, 92, 226, 151, 102, 202, 181, 230, 236, 83, 194, 182, 146, 289, 283, 77, 102, 35, 110, 139, 159, 202, 165, 161, 221, 141, 120, 205, 262, 179, 169, 286, 160, 176, 87, 253, 155, 230, 21, 175, 221, 48, 121, 125, 168, 114, 113, 169, 214, 267, }
livetime  = 550
kill  = 1
Hunger
5:
name   = B
TypeId = 1
Power  = 31
{258, 147, 263, 273, 64, 240, 241, 120, 229, 111, 264, 256, 97, 198, 197, 271, 11, 176, 192, 2, 72, 106, 128, 46, 99, 258, 67, 279, 247, 65, 183, 101, 112, 204, 114, 273, 171, 143, 220, 53, 285, 110, 238, 72, 18, 228, 251, 64, 118, 31, 288, 162, 62, 169, 222, 247, 148, 72, 222, 237, 48, 254, 49, 101, 280, 279, 15, 46, 148, 225, 14, 186, 11, 52, 51, 208, 105, 264, 133, 281, 175, 56, 103, 277, 273, 75, 198, 133, 236, 208, 207, 166, 257, 19, 288, 201, 82, 280, 104, 23, 98, 23, 189, 55, 22, 286, 206, 232, 127, 50, 82, 192, 217, 27, 211, 42, 24, 107, 139, 80, 19, 46, 86, 36, 271, 211, 123, 115, 50, 138, 42, 275, 182, 92, 144, 282, 195, 166, 105, 165, 1, 29, 67, 214, 38, 200, 244, 213, 164, 115, 86, 220, 20, 21, 27, 127, 274, 261, 132, 18, 108, 194, 97, 259, 88, 54, 17, 97, 8, 285, 12, 114, 254, 102, 128, 239, 260, 164, 84, 232, 60, 198, 2, 259, 47, 98, 176, 251, 119, 67, 210, 57, 132, 282, 197, 249, 4, 173, 196, 176, 234, 28, 249, 30, 260, 178, 123, 208, 226, 151, 102, 202, 181, 230, 236, 83, 194, 182, 146, 289, 283, 77, 102, 35, 110, 139, 159, 202, 165, 161, 221, 141, 120, 205, 262, 179, 169, 286, 160, 176, 87, 253, 155, 230, 21, 175, 221, 48, 121, 125, 168, 114, 113, 169, 214, 267, }
livetime  = 360
kill  = 2
Hunger
6:
name   =  E                    
TypeId = 1
Power  = 28
{258, 147, 263, 273, 64, 240, 241, 120, 229, 111, 264, 256, 97, 198, 197, 271, 11, 176, 192, 2, 34, 106, 128, 273, 99, 258, 67, 279, 247, 65, 183, 101, 112, 204, 114, 198, 171, 143, 277, 53, 285, 110, 238, 72, 18, 228, 251, 64, 118, 31, 288, 162, 62, 169, 222, 247, 148, 94, 222, 81, 126, 254, 49, 101, 280, 279, 15, 46, 148, 225, 14, 186, 11, 52, 51, 217, 105, 276, 133, 281, 175, 56, 103, 277, 273, 75, 198, 133, 236, 38, 207, 166, 257, 19, 288, 201, 66, 280, 104, 23, 98, 23, 228, 55, 22, 286, 206, 232, 159, 50, 82, 192, 276, 27, 211, 42, 24, 63, 139, 80, 19, 46, 86, 36, 271, 211, 123, 115, 50, 138, 42, 275, 182, 92, 102, 282, 195, 166, 105, 165, 1, 29, 67, 214, 38, 200, 44, 213, 164, 115, 86, 220, 20, 21, 27, 127, 274, 261, 132, 18, 108, 194, 97, 259, 88, 54, 17, 97, 8, 285, 12, 114, 254, 102, 128, 239, 260, 164, 95, 232, 60, 198, 2, 259, 47, 98, 176, 251, 119, 49, 210, 57, 132, 282, 197, 249, 4, 173, 196, 176, 234, 28, 249, 130, 260, 253, 123, 88, 226, 151, 102, 202, 181, 230, 236, 83, 194, 182, 146, 289, 283, 77, 18, 35, 110, 139, 159, 202, 165, 161, 221, 141, 120, 205, 16, 179, 169, 286, 160, 176, 87, 253, 269, 230, 21, 175, 221, 48, 121, 125, 168, 114, 153, 3, 214, 267, }
livetime  = 336
kill  = 0
EATEN BY B
7:
name   = Slinky
TypeId = 1
Power  = 39
{258, 147, 263, 273, 64, 240, 241, 120, 229, 111, 264, 256, 97, 198, 197, 271, 11, 176, 192, 2, 181, 106, 128, 46, 99, 94, 67, 279, 247, 65, 183, 101, 112, 204, 114, 263, 171, 143, 277, 53, 285, 110, 238, 72, 18, 228, 251, 64, 118, 31, 288, 162, 62, 169, 222, 247, 148, 72, 222, 237, 48, 92, 49, 101, 280, 279, 15, 46, 148, 225, 14, 186, 11, 52, 51, 208, 105, 264, 133, 281, 175, 56, 103, 277, 273, 75, 198, 133, 236, 208, 207, 166, 257, 19, 288, 201, 82, 280, 104, 23, 98, 23, 189, 55, 22, 286, 206, 232, 127, 50, 82, 192, 20, 27, 211, 42, 24, 107, 139, 155, 19, 46, 86, 36, 271, 211, 123, 115, 50, 138, 42, 275, 182, 92, 144, 282, 195, 166, 105, 165, 1, 29, 67, 214, 38, 200, 44, 175, 164, 115, 86, 220, 20, 21, 27, 127, 274, 261, 132, 18, 108, 194, 97, 259, 88, 54, 17, 97, 8, 285, 12, 114, 254, 102, 128, 239, 260, 164, 138, 232, 60, 198, 2, 259, 47, 98, 176, 251, 141, 67, 210, 57, 132, 282, 197, 249, 4, 173, 196, 176, 234, 28, 58, 30, 260, 253, 123, 92, 226, 151, 102, 202, 181, 230, 236, 83, 194, 182, 146, 195, 283, 77, 18, 35, 110, 139, 159, 202, 165, 161, 221, 141, 120, 205, 262, 179, 169, 286, 160, 176, 23, 253, 198, 230, 21, 175, 133, 48, 121, 125, 168, 114, 113, 169, 282, 267, }
livetime  = 314
kill  = 2
Hunger
