0:
name   = C
TypeId = 1
Power  = 17
{215, 85, 277, 28, 138, 0, 192, 9, 66, 78, 22, 229, 266, 22, 278, 92, 210, 290, 5, 211, 126, 220, 226, 178, 25, 249, 277, 275, 94, 255, 286, 26, 182, 10, 50, 271, 231, 182, 132, 120, 236, 190, 141, 68, 78, 278, 189, 68, 140, 152, 178, 47, 97, 227, 108, 259, 10, 246, 133, 190, 263, 281, 43, 34, 170, 149, 175, 152, 123, 254, 98, 90, 244, 235, 63, 3, 161, 172, 73, 127, 8, 263, 132, 121, 116, 35, 114, 287, 17, 175, 81, 27, 3, 196, 125, 120, 261, 253, 102, 61, 5, 31, 181, 210, 6, 286, 265, 38, 75, 148, 283, 100, 219, 159, 180, 40, 57, 157, 106, 18, 184, 218, 142, 79, 240, 236, 157, 67, 256, 140, 22, 203, 115, 114, 199, 97, 259, 159, 188, 133, 101, 134, 242, 253, 95, 240, 201, 187, 196, 62, 74, 256, 18, 132, 111, 250, 290, 185, 174, 139, 4, 122, 135, 78, 94, 17, 174, 248, 1, 168, 243, 136, 195, 149, 127, 3, 162, 69, 129, 209, 159, 82, 224, 259, 129, 262, 46, 283, 68, 57, 282, 206, 235, 222, 71, 86, 26, 133, 69, 235, 105, 80, 265, 282, 141, 23, 241, 206, 95, 192, 204, 259, 34, 286, 208, 63, 166, 91, 81, 69, 62, 255, 289, 154, 145, 121, 78, 55, 209, 252, 13, 10, 287, 128, 175, 20, 232, 162, 44, 275, 155, 17, 5, 101, 213, 178, 20, 14, 86, 116, 93, 135, 237, 192, 235, 88, }
livetime  = 3748
kill  = 0
Hunger
1:
name   =  Luna                 
TypeId = 1
Power  = 13
{215, 85, 277, 28, 138, 0, 192, 9, 66, 78, 22, 229, 266, 22, 278, 144, 210, 290, 5, 211, 126, 220, 226, 178, 25, 249, 277, 275, 94, 255, 286, 26, 182, 10, 50, 271, 231, 182, 132, 120, 236, 190, 141, 68, 78, 278, 189, 68, 140, 88, 178, 47, 97, 227, 263, 259, 10, 246, 133, 190, 263, 281, 43, 34, 170, 149, 92, 152, 123, 254, 98, 90, 244, 235, 63, 3, 161, 172, 73, 127, 8, 263, 132, 121, 116, 35, 114, 287, 17, 175, 81, 27, 3, 196, 125, 120, 261, 253, 102, 61, 5, 31, 181, 229, 6, 286, 265, 38, 75, 148, 283, 100, 219, 159, 180, 40, 57, 157, 106, 18, 184, 218, 142, 79, 240, 236, 157, 67, 256, 140, 22, 203, 115, 114, 290, 97, 259, 159, 188, 133, 101, 134, 242, 253, 95, 240, 201, 212, 196, 62, 74, 256, 18, 132, 111, 250, 290, 185, 174, 139, 4, 122, 135, 78, 94, 17, 174, 248, 1, 168, 243, 136, 195, 149, 127, 3, 162, 69, 129, 209, 159, 82, 224, 259, 129, 262, 46, 283, 68, 57, 282, 206, 235, 222, 71, 86, 26, 133, 69, 235, 105, 80, 265, 282, 141, 23, 241, 206, 95, 192, 204, 259, 34, 286, 208, 63, 166, 91, 81, 69, 62, 255, 289, 154, 145, 121, 78, 55, 209, 252, 13, 10, 287, 128, 175, 20, 232, 162, 44, 253, 155, 17, 5, 101, 213, 178, 20, 14, 86, 116, 93, 135, 237, 192, 235, 88, }
livetime  = 2667
kill  = 0
Hunger
2:
name   = D
TypeId = 1
Power  = 9
{65, 85, 277, 28, 138, 0, 192, 9, 66, 78, 22, 229, 266, 22, 278, 144, 210, 290, 5, 211, 126, 220, 226, 178, 25, 249, 277, 275, 94, 255, 286, 26, 182, 10, 50, 271, 231, 182, 132, 120, 236, 190, 141, 68, 78, 278, 189, 68, 140, 88, 178, 47, 97, 227, 263, 259, 10, 246, 133, 190, 263, 281, 43, 193, 170, 149, 92, 152, 123, 254, 98, 90, 244, 235, 63, 3, 161, 172, 73, 127, 8, 263, 132, 121, 116, 35, 114, 287, 17, 175, 81, 27, 3, 196, 125, 120, 261, 253, 102, 61, 5, 31, 181, 229, 253, 286, 265, 38, 75, 148, 283, 100, 219, 159, 180, 40, 57, 157, 106, 18, 184, 218, 142, 79, 240, 236, 157, 67, 256, 140, 22, 203, 115, 114, 290, 97, 259, 159, 188, 133, 101, 134, 242, 253, 95, 240, 201, 212, 196, 62, 74, 256, 18, 132, 111, 250, 290, 185, 174, 139, 4, 122, 135, 78, 94, 17, 174, 248, 1, 168, 243, 136, 195, 149, 127, 3, 162, 69, 129, 209, 159, 82, 224, 259, 129, 262, 46, 283, 68, 57, 282, 206, 235, 222, 71, 86, 26, 133, 69, 235, 105, 80, 265, 282, 141, 23, 241, 206, 95, 192, 204, 259, 34, 286, 208, 63, 166, 91, 81, 69, 62, 255, 289, 154, 145, 121, 78, 55, 209, 252, 13, 10, 287, 128, 175, 20, 232, 162, 44, 253, 155, 17, 5, 101, 213, 178, 20, 14, 86, 116, 93, 135, 237, 192, 235, 88, }
livetime  = 2566
kill  = 0
Hunger
