0:
name   = C
TypeId = 1
Power  = 27
{282, 81, 91, 17, 285, 78, 244, 103, 67, 61, 148, 47, 112, 255, 219, 133, 136, 51, 280, 209, 209, 68, 86, 165, 270, 7, 123, 11, 157, 174, 199, 75, 197, 233, 183, 34, 108, 72, 223, 259, 55, 264, 133, 115, 185, 186, 132, 152, 203, 159, 117, 155, 165, 181, 177, 278, 258, 112, 186, 6, 50, 195, 23, 74, 126, 12, 80, 140, 211, 35, 222, 85, 29, 156, 2, 78, 207, 232, 34, 96, 229, 20, 51, 66, 10, 183, 289, 112, 186, 2, 143, 171, 22, 57, 269, 172, 204, 272, 146, 73, 274, 256, 86, 49, 256, 156, 143, 88, 256, 62, 27, 16, 198, 58, 50, 192, 119, 77, 127, 185, 23, 102, 119, 87, 125, 219, 63, 284, 138, 96, 27, 197, 143, 259, 182, 129, 183, 218, 186, 224, 118, 13, 266, 258, 176, 69, 131, 153, 278, 132, 20, 115, 265, 190, 180, 134, 270, 68, 175, 101, 89, 54, 264, 205, 129, 170, 185, 46, 50, 6, 219, 14, 223, 38, 208, 88, 127, 169, 84, 166, 278, 272, 72, 136, 112, 180, 183, 13, 282, 196, 153, 243, 123, 11, 203, 79, 76, 220, 84, 75, 194, 91, 267, 173, 258, 267, 71, 126, 110, 236, 179, 150, 286, 22, 43, 79, 143, 210, 61, 145, 58, 162, 131, 156, 230, 213, 235, 255, 196, 37, 278, 73, 252, 187, 203, 163, 262, 114, 170, 76, 94, 116, 36, 10, 289, 274, 56, 229, 35, 261, 260, 1, 79, 275, 127, 247, }
livetime  = 129
kill  = 2
No death
1:
name   = A
TypeId = 1
Power  = 14
{282, 81, 91, 17, 285, 78, 204, 103, 180, 61, 148, 47, 112, 255, 219, 133, 136, 51, 280, 209, 209, 68, 86, 165, 270, 7, 123, 11, 286, 174, 199, 75, 197, 233, 183, 34, 108, 72, 223, 231, 55, 264, 133, 115, 185, 186, 132, 152, 203, 159, 117, 155, 165, 126, 177, 278, 258, 112, 186, 6, 50, 195, 23, 74, 126, 12, 80, 140, 211, 35, 222, 85, 29, 156, 253, 78, 207, 232, 34, 96, 229, 20, 51, 66, 10, 183, 289, 112, 186, 2, 143, 171, 22, 57, 269, 172, 204, 272, 146, 73, 274, 152, 86, 49, 256, 156, 143, 88, 256, 62, 27, 16, 246, 58, 50, 192, 119, 77, 127, 185, 23, 102, 119, 87, 125, 219, 63, 284, 138, 96, 27, 197, 143, 259, 182, 129, 183, 218, 186, 224, 118, 13, 266, 258, 176, 69, 131, 80, 278, 254, 20, 127, 265, 190, 180, 134, 270, 68, 175, 101, 89, 54, 264, 205, 129, 180, 185, 46, 50, 6, 219, 14, 223, 38, 208, 88, 127, 62, 84, 166, 278, 272, 148, 136, 112, 180, 183, 125, 282, 196, 153, 243, 123, 11, 203, 79, 76, 220, 84, 75, 194, 91, 267, 173, 258, 267, 71, 126, 22, 195, 179, 150, 286, 22, 43, 79, 143, 210, 61, 145, 58, 162, 131, 80, 230, 213, 235, 35, 196, 37, 278, 73, 6, 187, 203, 163, 262, 114, 170, 76, 94, 116, 36, 55, 289, 274, 56, 229, 35, 261, 245, 1, 79, 275, 127, 247, }
livetime  = 129
kill  = 2
No death
2:
name   = C
TypeId = 1
Power  = 8
{282, 81, 91, 17, 285, 78, 204, 103, 180, 61, 148, 47, 112, 255, 219, 133, 136, 51, 280, 209, 209, 68, 86, 165, 270, 7, 123, 11, 286, 174, 199, 75, 197, 233, 183, 34, 108, 72, 223, 281, 55, 264, 133, 115, 185, 186, 132, 152, 203, 159, 117, 155, 165, 126, 177, 278, 258, 112, 186, 6, 50, 195, 23, 74, 126, 12, 80, 140, 211, 35, 222, 85, 29, 156, 253, 78, 207, 232, 34, 96, 229, 20, 51, 66, 10, 183, 289, 112, 186, 2, 143, 171, 22, 57, 269, 172, 204, 272, 146, 73, 274, 152, 86, 49, 256, 156, 143, 88, 256, 62, 27, 16, 246, 58, 50, 192, 119, 77, 127, 185, 23, 102, 119, 87, 125, 219, 63, 284, 138, 1, 27, 197, 143, 259, 182, 129, 183, 218, 186, 224, 118, 13, 266, 258, 176, 69, 131, 153, 278, 254, 20, 127, 265, 190, 180, 134, 270, 68, 175, 101, 89, 54, 264, 205, 129, 170, 185, 46, 50, 6, 219, 14, 223, 38, 208, 88, 127, 62, 84, 166, 278, 272, 148, 136, 112, 180, 183, 125, 282, 196, 153, 243, 123, 11, 203, 79, 76, 220, 84, 75, 194, 91, 267, 173, 258, 267, 71, 126, 22, 195, 179, 150, 286, 22, 43, 79, 143, 210, 61, 145, 58, 162, 131, 80, 230, 213, 235, 35, 196, 37, 278, 73, 6, 187, 203, 163, 262, 114, 170, 239, 94, 116, 36, 55, 289, 274, 201, 229, 35, 261, 245, 1, 79, 275, 127, 247, }
livetime  = 128
kill  = 1
Hunger
