0:
name   = C
TypeId = 1
Power  = 43
{256, 85, 190, 92, 258, 207, 109, 245, 8, 289, 240, 20, 3, 169, 78, 104, 97, 270, 22, 167, 48, 84, 156, 111, 94, 11, 55, 144, 107, 148, 277, 48, 154, 75, 58, 45, 4, 195, 90, 23, 157, 60, 39, 99, 41, 26, 98, 101, 278, 178, 158, 240, 256, 53, 120, 205, 51, 178, 199, 122, 257, 54, 232, 26, 148, 140, 37, 267, 31, 70, 260, 138, 17, 195, 225, 181, 70, 84, 174, 14, 245, 117, 116, 26, 92, 244, 132, 287, 17, 170, 42, 280, 3, 268, 183, 231, 84, 51, 195, 235, 83, 115, 55, 29, 229, 8, 130, 147, 187, 101, 155, 63, 67, 273, 132, 223, 216, 241, 64, 18, 87, 198, 152, 252, 151, 206, 70, 146, 94, 160, 259, 191, 167, 271, 139, 62, 212, 85, 187, 208, 29, 89, 207, 16, 18, 0, 134, 230, 74, 19, 209, 104, 219, 61, 11, 270, 224, 240, 168, 270, 176, 105, 201, 23, 7, 14, 31, 268, 33, 248, 263, 218, 143, 183, 180, 84, 99, 80, 69, 189, 142, 8, 201, 154, 212, 277, 63, 177, 27, 22, 132, 270, 78, 265, 254, 223, 2, 157, 273, 160, 151, 267, 240, 15, 40, 241, 25, 260, 247, 52, 143, 279, 45, 285, 132, 86, 178, 163, 9, 31, 168, 180, 230, 142, 191, 105, 169, 166, 137, 253, 0, 256, 216, 123, 19, 89, 255, 97, 164, 75, 107, 120, 34, 137, 121, 64, 237, 265, 95, 57, 35, 115, 103, 94, 257, 185, }
livetime  = 666
kill  = 3
Hunger
1:
name   = Bella
TypeId = 1
Power  = 42
{256, 85, 190, 92, 258, 207, 109, 245, 8, 289, 240, 20, 3, 169, 78, 104, 97, 270, 22, 167, 48, 84, 156, 111, 94, 11, 55, 144, 107, 148, 277, 48, 154, 75, 58, 45, 4, 195, 90, 23, 157, 60, 39, 99, 41, 26, 98, 101, 278, 178, 158, 240, 256, 53, 120, 205, 51, 178, 199, 122, 257, 54, 232, 26, 148, 140, 37, 267, 31, 70, 260, 138, 17, 195, 167, 181, 70, 84, 174, 14, 245, 117, 116, 26, 92, 244, 132, 287, 17, 170, 42, 280, 3, 268, 183, 231, 84, 51, 195, 235, 83, 115, 55, 29, 229, 8, 130, 147, 187, 101, 155, 63, 67, 273, 132, 219, 216, 241, 64, 18, 87, 198, 152, 252, 151, 206, 70, 146, 94, 160, 259, 191, 167, 271, 139, 62, 212, 85, 187, 208, 29, 89, 207, 16, 18, 0, 134, 230, 74, 19, 209, 104, 219, 61, 11, 270, 224, 240, 168, 270, 176, 105, 201, 23, 7, 14, 31, 268, 33, 248, 263, 218, 143, 183, 160, 84, 99, 80, 69, 189, 142, 8, 201, 84, 212, 277, 63, 177, 27, 22, 132, 270, 78, 160, 254, 223, 2, 157, 273, 160, 151, 267, 240, 15, 40, 241, 25, 260, 247, 52, 143, 279, 45, 285, 132, 86, 178, 163, 9, 31, 168, 180, 230, 142, 191, 105, 286, 166, 137, 253, 0, 256, 216, 123, 19, 89, 255, 97, 164, 75, 107, 120, 34, 137, 121, 64, 237, 265, 95, 57, 35, 115, 103, 94, 257, 185, }
livetime  = 486
kill  = 5
Hunger
2:
name   = D
TypeId = 1
Power  = 38
{256, 85, 190, 92, 258, 207, 109, 245, 8, 289, 240, 20, 3, 169, 78, 104, 97, 270, 22, 167, 48, 84, 156, 111, 94, 11, 55, 144, 107, 148, 277, 256, 154, 75, 58, 45, 4, 195, 90, 23, 157, 60, 14, 99, 41, 26, 98, 101, 278, 178, 158, 240, 256, 53, 120, 205, 51, 178, 199, 122, 257, 54, 232, 26, 148, 140, 37, 267, 31, 70, 260, 138, 17, 195, 225, 181, 70, 84, 174, 14, 245, 117, 116, 26, 92, 244, 132, 287, 17, 170, 42, 280, 3, 268, 183, 231, 84, 51, 195, 235, 83, 115, 55, 29, 229, 8, 130, 147, 187, 101, 155, 63, 67, 273, 132, 223, 216, 241, 64, 18, 87, 198, 152, 252, 151, 206, 70, 146, 94, 160, 259, 191, 167, 271, 139, 62, 212, 85, 187, 208, 29, 89, 207, 16, 18, 0, 134, 230, 74, 19, 209, 104, 219, 61, 11, 270, 224, 240, 168, 270, 176, 105, 201, 23, 7, 14, 31, 268, 33, 248, 263, 218, 143, 183, 241, 84, 99, 80, 69, 189, 142, 8, 201, 84, 212, 277, 63, 177, 27, 22, 132, 270, 78, 160, 254, 223, 2, 157, 273, 160, 151, 267, 240, 15, 40, 241, 25, 260, 247, 52, 143, 279, 45, 285, 132, 86, 178, 163, 9, 31, 168, 180, 230, 142, 191, 105, 286, 166, 137, 253, 0, 256, 216, 123, 19, 89, 255, 97, 164, 75, 107, 120, 34, 137, 121, 64, 237, 265, 95, 57, 35, 115, 103, 94, 257, 185, }
livetime  = 257
kill  = 7
Hunger
