0:
name   = E
TypeId = 3
Power  = 20
{209, 12, 284, 181, 230, 79, 1, 94, 83, 21, 153, 89, 53, 24, 191, 120, 179, 236, 244, 198, 109, 78, 144, 62, 109, 41, 287, 228, 234, 100, 36, 66, 288, 268, 118, 240, 171, 199, 261, 82, 206, 184, 10, 208, 108, 233, 70, 75, 34, 114, 136, 215, 142, 259, 240, 252, 0, 282, 13, 207, 173, 68, 104, 113, 241, 87, 132, 271, 25, 55, 120, 126, 75, 71, 135, 24, 164, 108, 265, 270, 58, 42, 168, 184, 126, 54, 262, 89, 193, 22, 46, 286, 107, 264, 250, 284, 84, 192, 18, 67, 167, 110, 36, 259, 113, 177, 41, 146, 71, 280, 68, 36, 102, 130, 282, 102, 267, 125, 96, 81, 177, 161, 43, 23, 117, 106, 239, 153, 94, 33, 230, 228, 82, 162, 133, 4, 144, 27, 136, 160, 268, 117, 134, 152, 289, 261, 230, 281, 218, 269, 142, 77, 161, 144, 245, 275, 230, 46, 180, 245, 23, 91, 74, 199, 195, 284, 101, 95, 23, 165, 45, 216, 25, 39, 99, 233, 92, 183, 139, 224, 278, 91, 102, 61, 120, 265, 176, 60, 99, 124, 115, 228, 53, 232, 202, 67, 61, 103, 65, 11, 0, 218, 128, 286, 14, 263, 138, 201, 33, 210, 52, 239, 40, 92, 110, 190, 142, 281, 252, 192, 245, 78, 238, 217, 150, 259, 234, 152, 19, 180, 97, 254, 76, 276, 29, 189, 251, 237, 277, 240, 271, 184, 223, 199, 3, 59, 72, 137, 104, 12, 267, 87, 203, 15, 224, 61, }
livetime  = 1521
kill  = 1
Hunger
1:
name   = B
TypeId = 3
Power  = 16
{209, 12, 284, 181, 230, 79, 1, 94, 83, 21, 153, 89, 53, 24, 279, 120, 179, 236, 244, 198, 109, 78, 144, 62, 237, 41, 287, 228, 234, 100, 36, 66, 288, 268, 118, 240, 171, 199, 261, 82, 206, 184, 10, 208, 108, 233, 70, 75, 34, 114, 136, 215, 225, 259, 240, 252, 0, 282, 13, 201, 173, 68, 104, 36, 241, 267, 132, 271, 25, 55, 120, 126, 75, 71, 135, 24, 164, 108, 265, 270, 58, 42, 168, 184, 126, 54, 262, 89, 193, 22, 46, 286, 107, 264, 250, 284, 84, 192, 18, 67, 167, 110, 36, 259, 113, 177, 41, 146, 71, 280, 68, 36, 102, 130, 282, 102, 267, 125, 96, 81, 177, 161, 43, 23, 117, 106, 44, 153, 94, 33, 230, 228, 82, 162, 133, 4, 144, 27, 136, 160, 268, 117, 134, 152, 289, 146, 230, 29, 218, 269, 142, 77, 161, 144, 245, 275, 230, 46, 287, 245, 23, 26, 74, 199, 195, 284, 101, 95, 23, 257, 45, 5, 25, 39, 99, 233, 92, 183, 269, 224, 278, 91, 102, 61, 120, 265, 176, 60, 99, 124, 115, 228, 6, 232, 202, 67, 61, 103, 65, 11, 0, 218, 128, 286, 14, 263, 138, 201, 33, 210, 52, 239, 40, 92, 112, 190, 142, 281, 252, 192, 245, 78, 238, 217, 150, 259, 234, 152, 19, 180, 97, 254, 76, 276, 29, 189, 251, 237, 41, 240, 271, 184, 223, 199, 3, 59, 72, 137, 104, 12, 267, 87, 203, 15, 224, 61, }
livetime  = 1013
kill  = 3
Hunger
2:
name   = Fluffy
TypeId = 3
Power  = 8
{209, 12, 284, 181, 230, 79, 1, 94, 83, 21, 153, 89, 53, 24, 279, 120, 179, 236, 244, 198, 109, 78, 144, 62, 237, 41, 287, 228, 234, 100, 36, 66, 288, 268, 74, 240, 171, 199, 261, 82, 206, 184, 10, 208, 108, 233, 70, 75, 34, 114, 136, 215, 142, 259, 240, 252, 0, 282, 13, 207, 173, 68, 104, 36, 241, 267, 132, 271, 25, 55, 120, 126, 75, 71, 135, 24, 164, 108, 265, 270, 58, 42, 168, 184, 126, 54, 262, 89, 193, 22, 46, 286, 107, 264, 207, 284, 84, 192, 18, 67, 167, 110, 36, 259, 113, 177, 41, 146, 71, 280, 68, 36, 102, 130, 282, 102, 267, 125, 96, 81, 177, 161, 41, 23, 117, 106, 239, 153, 94, 33, 230, 228, 82, 162, 133, 4, 144, 27, 136, 160, 268, 117, 134, 152, 289, 146, 230, 29, 218, 269, 142, 77, 161, 144, 245, 275, 230, 46, 42, 245, 23, 26, 74, 199, 195, 284, 101, 95, 23, 257, 45, 79, 202, 39, 99, 233, 92, 183, 269, 224, 278, 91, 102, 61, 120, 265, 176, 60, 99, 124, 115, 228, 191, 232, 202, 67, 61, 103, 65, 11, 0, 218, 128, 286, 14, 263, 138, 201, 33, 210, 52, 239, 40, 92, 110, 190, 142, 281, 252, 192, 245, 78, 238, 217, 150, 259, 234, 152, 19, 180, 97, 254, 76, 276, 29, 189, 251, 237, 41, 240, 271, 184, 223, 199, 3, 59, 72, 137, 104, 12, 267, 87, 203, 15, 224, 61, }
livetime  = 827
kill  = 1
EATEN BY E
