0:
name   = Fluffy
TypeId = 1
Power  = 31
{217, 85, 62, 121, 28, 190, 77, 112, 269, 158, 174, 12, 182, 189, 107, 72, 235, 130, 271, 222, 93, 15, 183, 32, 270, 182, 204, 118, 194, 288, 156, 151, 263, 65, 155, 20, 193, 4, 57, 131, 244, 133, 289, 154, 257, 49, 240, 136, 289, 70, 70, 216, 157, 286, 46, 31, 208, 8, 285, 118, 18, 85, 177, 167, 271, 127, 21, 182, 278, 54, 194, 171, 197, 119, 261, 74, 73, 133, 12, 265, 191, 261, 68, 3, 100, 244, 289, 287, 17, 21, 133, 134, 246, 127, 218, 122, 153, 151, 287, 207, 98, 171, 103, 262, 242, 254, 259, 14, 284, 43, 137, 34, 232, 211, 283, 141, 245, 257, 138, 18, 54, 103, 273, 18, 141, 259, 1, 221, 140, 256, 105, 214, 288, 264, 137, 229, 201, 153, 134, 39, 245, 78, 74, 65, 193, 221, 188, 242, 173, 287, 130, 115, 230, 118, 227, 50, 269, 274, 131, 110, 99, 130, 214, 209, 105, 61, 269, 115, 85, 285, 40, 187, 16, 172, 132, 114, 16, 131, 38, 138, 123, 86, 156, 35, 40, 104, 92, 153, 1, 109, 123, 62, 9, 83, 230, 89, 123, 162, 243, 210, 139, 177, 62, 231, 210, 165, 167, 265, 95, 23, 189, 279, 132, 220, 64, 181, 271, 21, 122, 3, 120, 60, 265, 3, 262, 241, 274, 97, 253, 40, 160, 81, 5, 149, 229, 203, 259, 208, 232, 175, 286, 47, 279, 271, 43, 145, 266, 117, 101, 90, 195, 30, 31, 183, 261, 38, }
livetime  = 1493
kill  = 3
Hunger
1:
name   = Musya
TypeId = 1
Power  = 20
{217, 85, 62, 121, 28, 190, 77, 112, 269, 158, 174, 12, 182, 189, 107, 72, 235, 130, 271, 222, 93, 15, 183, 32, 270, 182, 204, 118, 194, 288, 156, 151, 263, 261, 155, 20, 286, 4, 57, 131, 244, 133, 289, 154, 257, 49, 240, 45, 289, 70, 70, 216, 157, 286, 46, 31, 208, 8, 285, 118, 18, 85, 177, 167, 271, 128, 21, 182, 278, 54, 194, 171, 197, 119, 261, 74, 73, 133, 12, 265, 191, 261, 269, 3, 100, 244, 289, 287, 17, 21, 133, 134, 246, 127, 218, 122, 153, 151, 287, 207, 98, 171, 103, 220, 242, 254, 243, 14, 284, 43, 137, 34, 232, 211, 283, 141, 245, 257, 138, 18, 54, 103, 273, 18, 141, 259, 1, 221, 140, 256, 105, 214, 288, 264, 137, 229, 201, 153, 134, 39, 245, 143, 74, 65, 193, 221, 188, 242, 173, 58, 130, 115, 230, 118, 227, 50, 269, 274, 131, 110, 99, 130, 214, 209, 105, 61, 269, 3, 85, 285, 40, 187, 16, 172, 132, 114, 16, 131, 38, 138, 123, 86, 156, 35, 40, 104, 254, 153, 1, 185, 123, 62, 9, 83, 230, 89, 78, 162, 243, 210, 139, 177, 62, 231, 210, 165, 167, 265, 95, 23, 189, 28, 132, 220, 64, 181, 271, 21, 122, 3, 120, 60, 265, 3, 262, 241, 274, 97, 197, 40, 160, 81, 5, 149, 229, 69, 259, 208, 232, 175, 286, 47, 279, 271, 43, 145, 266, 250, 101, 90, 195, 215, 31, 183, 261, 38, }
livetime  = 700
kill  = 2
Hunger
2:
name   = Slinky
TypeId = 1
Power  = 22
{217, 85, 254, 121, 28, 190, 67, 112, 269, 158, 174, 12, 182, 189, 209, 72, 235, 130, 106, 222, 93, 15, 183, 32, 270, 182, 204, 118, 194, 141, 156, 151, 263, 261, 155, 20, 286, 4, 57, 131, 244, 133, 289, 154, 257, 49, 240, 45, 289, 70, 70, 216, 157, 286, 46, 31, 208, 8, 285, 118, 18, 85, 177, 167, 271, 127, 21, 182, 278, 54, 194, 171, 197, 119, 261, 74, 73, 133, 12, 265, 191, 261, 68, 3, 100, 244, 289, 287, 17, 21, 133, 134, 246, 127, 218, 122, 153, 151, 287, 207, 98, 171, 103, 262, 242, 254, 259, 14, 284, 43, 137, 34, 248, 211, 283, 141, 245, 257, 26, 18, 54, 103, 273, 18, 141, 259, 1, 221, 140, 256, 105, 214, 288, 264, 137, 229, 201, 153, 134, 39, 245, 78, 74, 65, 193, 221, 188, 242, 173, 58, 130, 115, 230, 118, 227, 50, 269, 274, 131, 110, 99, 130, 214, 209, 105, 61, 269, 3, 85, 285, 40, 187, 16, 172, 132, 114, 16, 131, 38, 138, 123, 86, 156, 35, 40, 104, 286, 153, 1, 185, 123, 62, 9, 83, 230, 89, 210, 162, 243, 210, 139, 177, 62, 231, 210, 165, 167, 265, 95, 23, 189, 28, 132, 220, 64, 223, 271, 21, 122, 3, 120, 60, 265, 3, 262, 241, 274, 56, 241, 47, 24, 81, 5, 149, 229, 203, 189, 208, 232, 175, 286, 47, 279, 271, 43, 145, 266, 117, 101, 90, 195, 30, 31, 183, 261, 38, }
livetime  = 474
kill  = 1
Hunger
