0:
name   = D
TypeId = 1
Power  = 15
{214, 175, 168, 51, 261, 289, 31, 188, 168, 186, 20, 183, 52, 112, 34, 208, 27, 237, 158, 75, 79, 166, 60, 30, 94, 199, 50, 112, 99, 282, 273, 148, 186, 201, 118, 18, 57, 12, 91, 150, 231, 278, 169, 136, 127, 40, 156, 45, 101, 246, 203, 98, 257, 184, 113, 164, 271, 37, 207, 251, 200, 228, 46, 268, 6, 123, 207, 221, 54, 144, 17, 290, 154, 64, 120, 185, 176, 246, 170, 82, 38, 143, 181, 144, 7, 169, 222, 94, 42, 74, 43, 38, 48, 53, 278, 129, 19, 287, 158, 41, 187, 152, 29, 0, 248, 120, 148, 61, 195, 280, 130, 206, 109, 196, 26, 227, 261, 180, 86, 1, 133, 144, 80, 157, 74, 217, 97, 116, 212, 101, 96, 157, 270, 287, 188, 36, 97, 166, 260, 275, 156, 215, 90, 276, 282, 247, 146, 184, 260, 81, 117, 208, 199, 214, 243, 273, 147, 159, 177, 18, 268, 147, 123, 67, 125, 115, 290, 136, 40, 8, 63, 256, 284, 142, 199, 19, 110, 284, 93, 85, 148, 222, 202, 147, 268, 119, 5, 179, 55, 44, 156, 152, 38, 45, 34, 152, 66, 64, 261, 226, 267, 8, 138, 212, 169, 182, 21, 173, 247, 269, 4, 36, 247, 109, 124, 217, 231, 213, 115, 177, 88, 113, 145, 122, 72, 43, 68, 77, 150, 168, 39, 170, 170, 208, 184, 30, 277, 209, 15, 79, 271, 248, 266, 207, 175, 249, 127, 92, 285, 82, 289, 26, 250, 111, 232, 14, }
livetime  = 1990
kill  = 0
Hunger
1:
name   = Luna
TypeId = 1
Power  = 8
{214, 175, 168, 51, 261, 289, 31, 188, 168, 186, 20, 183, 52, 112, 34, 208, 27, 237, 158, 75, 79, 166, 60, 30, 94, 199, 50, 112, 99, 282, 273, 148, 186, 201, 118, 18, 57, 12, 91, 150, 231, 278, 169, 136, 271, 40, 156, 45, 261, 246, 203, 98, 257, 184, 113, 171, 271, 37, 270, 251, 200, 228, 46, 268, 6, 123, 207, 221, 54, 103, 17, 290, 154, 60, 120, 185, 176, 52, 170, 82, 38, 143, 181, 144, 7, 169, 152, 94, 42, 134, 43, 38, 48, 53, 278, 129, 19, 287, 158, 41, 187, 152, 29, 0, 248, 120, 148, 61, 195, 280, 130, 206, 109, 196, 26, 227, 261, 180, 86, 1, 133, 144, 80, 157, 74, 277, 97, 116, 212, 101, 96, 157, 270, 287, 188, 36, 97, 166, 260, 275, 156, 215, 90, 276, 282, 247, 146, 184, 260, 81, 117, 208, 199, 214, 1, 273, 147, 159, 209, 18, 268, 147, 123, 67, 125, 115, 290, 57, 40, 270, 63, 256, 284, 142, 199, 65, 110, 284, 93, 85, 148, 222, 202, 147, 268, 119, 5, 179, 55, 44, 156, 152, 38, 45, 34, 152, 196, 64, 261, 226, 267, 8, 138, 212, 169, 182, 21, 173, 247, 269, 4, 111, 247, 109, 124, 217, 231, 213, 115, 177, 88, 113, 145, 122, 72, 43, 68, 77, 150, 168, 39, 170, 170, 208, 184, 30, 277, 209, 15, 79, 271, 248, 266, 207, 175, 249, 127, 92, 285, 82, 289, 26, 250, 111, 232, 14, }
livetime  = 1853
kill  = 0
Hunger
2:
name   = Basilisk
TypeId = 1
Power  = 17
{214, 175, 168, 51, 261, 289, 31, 188, 168, 186, 20, 183, 52, 112, 34, 208, 27, 237, 158, 75, 79, 166, 60, 30, 94, 199, 50, 112, 99, 282, 273, 148, 186, 201, 118, 18, 57, 12, 91, 150, 231, 278, 169, 136, 127, 40, 156, 45, 101, 246, 203, 98, 257, 184, 113, 164, 271, 245, 207, 251, 200, 228, 46, 268, 6, 123, 207, 221, 54, 144, 17, 290, 154, 64, 75, 185, 176, 52, 170, 82, 38, 143, 181, 144, 7, 169, 222, 94, 42, 134, 43, 38, 48, 53, 278, 129, 19, 287, 158, 41, 187, 152, 29, 0, 248, 120, 148, 61, 195, 280, 130, 206, 109, 196, 26, 227, 261, 180, 86, 1, 133, 144, 80, 157, 74, 217, 97, 116, 212, 101, 96, 157, 270, 287, 188, 36, 97, 166, 260, 275, 156, 215, 90, 276, 282, 247, 146, 184, 260, 81, 117, 208, 199, 214, 243, 273, 147, 159, 177, 18, 268, 147, 123, 67, 125, 115, 290, 136, 40, 8, 63, 256, 284, 142, 199, 65, 110, 284, 93, 85, 148, 222, 202, 147, 268, 119, 5, 179, 55, 44, 156, 152, 38, 45, 34, 152, 66, 64, 261, 226, 267, 8, 138, 212, 169, 182, 21, 173, 247, 269, 4, 36, 247, 109, 124, 217, 231, 213, 115, 177, 88, 113, 196, 122, 72, 43, 68, 77, 150, 168, 39, 170, 170, 208, 184, 30, 277, 209, 15, 79, 271, 248, 266, 207, 175, 249, 127, 92, 285, 82, 289, 26, 250, 111, 232, 14, }
livetime  = 1436
kill  = 0
Hunger
