0:
name   =  Musya                
TypeId = 1
Power  = 28
{105, 85, 266, 58, 234, 131, 82, 52, 33, 117, 147, 266, 45, 270, 257, 290, 137, 285, 160, 267, 17, 175, 163, 27, 44, 167, 220, 253, 139, 15, 25, 125, 218, 64, 140, 195, 73, 203, 64, 105, 39, 287, 190, 164, 131, 210, 37, 8, 267, 21, 121, 36, 79, 134, 252, 246, 174, 127, 285, 146, 177, 204, 277, 167, 223, 281, 3, 231, 71, 253, 84, 160, 198, 140, 77, 56, 109, 52, 242, 53, 86, 186, 249, 155, 58, 3, 183, 287, 17, 251, 120, 204, 52, 37, 113, 135, 53, 157, 6, 193, 137, 26, 172, 220, 244, 104, 46, 210, 172, 152, 162, 57, 71, 46, 168, 45, 62, 0, 279, 18, 84, 11, 32, 195, 289, 269, 119, 206, 177, 208, 63, 64, 117, 6, 108, 172, 220, 104, 117, 79, 155, 286, 203, 162, 22, 131, 187, 159, 91, 204, 54, 104, 179, 145, 8, 134, 132, 257, 94, 136, 139, 115, 203, 73, 91, 248, 115, 154, 102, 141, 87, 271, 31, 119, 45, 262, 105, 5, 10, 31, 138, 8, 85, 7, 7, 148, 239, 81, 174, 281, 140, 0, 87, 59, 142, 119, 174, 282, 227, 263, 258, 159, 167, 105, 105, 234, 226, 103, 144, 97, 186, 260, 63, 166, 128, 267, 220, 44, 232, 179, 168, 171, 44, 27, 198, 148, 195, 175, 102, 174, 8, 186, 147, 97, 173, 187, 7, 21, 122, 16, 108, 31, 8, 206, 25, 62, 191, 135, 82, 185, 219, 50, 250, 141, 26, 116, }
livetime  = 1351
kill  = 7
Hunger
1:
name   = Slinky
TypeId = 1
Power  = 28
{105, 85, 266, 58, 234, 131, 82, 52, 33, 117, 147, 266, 45, 270, 257, 290, 137, 285, 160, 267, 17, 175, 163, 27, 44, 167, 220, 253, 139, 15, 25, 125, 218, 64, 140, 195, 73, 203, 64, 105, 39, 287, 190, 164, 131, 210, 37, 8, 267, 21, 121, 36, 79, 134, 252, 246, 174, 127, 285, 146, 177, 204, 277, 167, 223, 281, 3, 231, 71, 253, 84, 160, 198, 140, 77, 56, 109, 52, 242, 53, 86, 186, 249, 155, 58, 3, 183, 287, 17, 251, 173, 204, 52, 37, 113, 135, 53, 157, 6, 193, 137, 26, 172, 220, 244, 104, 46, 210, 172, 152, 162, 57, 71, 46, 168, 45, 62, 0, 279, 18, 84, 11, 32, 195, 289, 269, 119, 206, 177, 208, 63, 64, 117, 6, 108, 48, 220, 104, 117, 79, 155, 286, 203, 162, 22, 131, 187, 159, 91, 204, 54, 104, 179, 145, 8, 134, 132, 257, 94, 136, 139, 115, 203, 73, 91, 248, 115, 154, 102, 141, 87, 271, 31, 119, 45, 262, 105, 5, 10, 31, 138, 8, 85, 7, 7, 148, 239, 81, 174, 281, 140, 0, 87, 59, 142, 5, 174, 282, 227, 263, 258, 159, 167, 105, 105, 234, 226, 103, 144, 97, 186, 260, 63, 166, 128, 267, 220, 44, 232, 179, 168, 171, 44, 27, 198, 148, 195, 175, 102, 174, 8, 186, 147, 97, 173, 187, 7, 21, 122, 16, 108, 31, 8, 206, 25, 62, 191, 135, 82, 185, 219, 50, 250, 141, 26, 116, }
livetime  = 514
kill  = 2
Hunger
2:
name   = B
TypeId = 1
Power  = 22
{18, 85, 163, 58, 111, 136, 183, 52, 33, 117, 147, 232, 45, 270, 257, 290, 66, 285, 160, 267, 17, 175, 163, 92, 44, 167, 220, 90, 139, 110, 25, 125, 218, 64, 140, 195, 12, 203, 64, 105, 39, 287, 190, 164, 151, 210, 170, 8, 137, 21, 121, 36, 79, 134, 252, 246, 174, 127, 285, 127, 177, 204, 277, 215, 223, 281, 3, 231, 71, 182, 84, 160, 198, 140, 77, 163, 274, 52, 242, 53, 86, 186, 249, 144, 58, 3, 183, 287, 17, 251, 120, 204, 52, 37, 113, 135, 269, 157, 6, 193, 137, 34, 25, 220, 244, 104, 46, 222, 172, 102, 162, 49, 71, 46, 168, 45, 62, 0, 279, 18, 84, 11, 28, 195, 289, 269, 119, 129, 109, 208, 167, 64, 117, 6, 108, 172, 220, 104, 117, 79, 155, 286, 203, 217, 22, 131, 187, 159, 91, 204, 221, 104, 102, 49, 8, 134, 278, 245, 94, 136, 139, 115, 203, 73, 91, 250, 115, 154, 287, 150, 282, 156, 31, 119, 45, 262, 105, 5, 10, 31, 198, 8, 85, 37, 7, 148, 216, 81, 174, 281, 140, 0, 87, 59, 142, 119, 174, 282, 148, 199, 258, 159, 167, 278, 105, 234, 226, 137, 144, 97, 186, 260, 63, 166, 128, 250, 220, 44, 232, 179, 168, 171, 44, 27, 198, 148, 195, 155, 121, 174, 57, 186, 147, 97, 9, 187, 181, 223, 122, 119, 80, 5, 8, 206, 25, 62, 191, 135, 82, 185, 124, 50, 250, 141, 26, 116, }
livetime  = 485
kill  = 4
Hunger
