0:
name   = Barsik
TypeId = 1
Power  = 9
{165, 252, 26, 186, 130, 275, 11, 286, 252, 71, 285, 114, 94, 91, 269, 28, 230, 52, 203, 120, 250, 129, 36, 72, 260, 240, 124, 130, 274, 190, 228, 231, 12, 182, 87, 31, 118, 102, 25, 238, 202, 240, 15, 247, 126, 58, 28, 236, 149, 243, 287, 269, 255, 206, 141, 153, 235, 122, 135, 21, 18, 269, 46, 4, 175, 106, 220, 176, 201, 87, 278, 169, 73, 21, 1, 218, 104, 57, 17, 235, 32, 154, 47, 154, 189, 72, 162, 163, 192, 115, 36, 103, 86, 143, 21, 235, 254, 101, 105, 84, 70, 166, 262, 153, 4, 240, 236, 63, 60, 96, 194, 182, 182, 84, 42, 34, 140, 155, 14, 156, 152, 79, 153, 135, 263, 151, 29, 233, 88, 242, 123, 285, 218, 280, 253, 150, 223, 181, 103, 44, 123, 196, 219, 273, 83, 290, 133, 79, 132, 269, 46, 34, 195, 274, 206, 4, 240, 46, 214, 204, 177, 163, 248, 252, 244, 12, 240, 124, 99, 104, 52, 182, 111, 277, 273, 31, 72, 175, 172, 141, 60, 33, 142, 30, 256, 160, 178, 227, 275, 80, 214, 176, 168, 169, 229, 121, 129, 55, 132, 253, 67, 93, 61, 141, 262, 212, 21, 115, 217, 35, 166, 98, 58, 57, 67, 131, 258, 160, 247, 278, 134, 96, 50, 50, 243, 49, 25, 252, 289, 157, 145, 232, 23, 214, 148, 164, 268, 273, 226, 17, 278, 48, 90, 251, 29, 8, 6, 77, 166, 261, 77, 70, 190, 155, 159, 14, }
livetime  = 889
kill  = 0
Hunger
1:
name   = E
TypeId = 1
Power  = 6
{165, 202, 26, 186, 130, 275, 11, 286, 252, 71, 205, 114, 94, 91, 269, 28, 230, 52, 203, 120, 250, 129, 36, 72, 260, 240, 137, 130, 274, 190, 228, 231, 12, 182, 87, 31, 118, 102, 25, 238, 202, 240, 15, 247, 126, 58, 28, 236, 149, 243, 287, 269, 255, 206, 141, 153, 235, 122, 135, 21, 18, 269, 120, 4, 175, 106, 3, 176, 201, 87, 278, 169, 73, 21, 1, 218, 104, 57, 17, 235, 32, 154, 47, 154, 189, 72, 162, 163, 192, 115, 36, 103, 86, 143, 21, 235, 254, 101, 105, 84, 70, 166, 262, 153, 4, 240, 236, 63, 60, 96, 194, 182, 182, 84, 42, 34, 140, 155, 14, 156, 152, 79, 153, 135, 263, 110, 29, 233, 88, 94, 123, 285, 218, 280, 253, 150, 223, 181, 103, 44, 123, 196, 219, 273, 83, 290, 133, 79, 132, 269, 46, 34, 251, 70, 206, 4, 240, 46, 214, 204, 177, 163, 248, 252, 244, 12, 240, 124, 99, 104, 52, 182, 111, 277, 273, 31, 72, 175, 172, 141, 60, 33, 142, 30, 256, 160, 178, 227, 275, 80, 214, 176, 168, 169, 229, 251, 129, 286, 132, 253, 67, 93, 244, 141, 262, 212, 21, 115, 217, 35, 166, 98, 58, 54, 67, 131, 258, 160, 247, 278, 134, 96, 50, 50, 243, 49, 25, 252, 289, 157, 145, 232, 23, 214, 148, 269, 268, 273, 226, 17, 278, 48, 90, 251, 283, 8, 6, 15, 166, 261, 77, 70, 190, 155, 159, 14, }
livetime  = 725
kill  = 0
Hunger
2:
name   = Bella
TypeId = 1
Power  = 9
{165, 252, 26, 186, 130, 275, 11, 286, 252, 71, 285, 114, 94, 91, 269, 28, 230, 52, 203, 120, 250, 129, 36, 72, 260, 63, 137, 130, 274, 190, 228, 231, 12, 182, 87, 31, 118, 102, 25, 238, 202, 240, 15, 247, 126, 58, 28, 236, 149, 243, 287, 269, 255, 206, 141, 153, 154, 122, 135, 21, 18, 269, 46, 4, 175, 106, 3, 176, 201, 87, 278, 169, 73, 21, 1, 218, 104, 57, 17, 235, 32, 154, 47, 154, 189, 72, 162, 163, 192, 115, 36, 103, 86, 143, 21, 235, 254, 101, 105, 84, 70, 166, 262, 153, 4, 240, 236, 63, 60, 96, 194, 182, 182, 84, 42, 34, 140, 155, 14, 156, 152, 79, 153, 135, 263, 110, 29, 233, 88, 94, 123, 285, 218, 280, 253, 150, 223, 181, 103, 44, 181, 196, 219, 273, 83, 290, 133, 79, 132, 117, 46, 34, 251, 70, 206, 4, 240, 46, 214, 204, 177, 163, 248, 252, 244, 12, 240, 124, 99, 104, 52, 182, 111, 277, 273, 31, 72, 175, 172, 141, 60, 33, 142, 30, 256, 160, 178, 227, 275, 80, 214, 176, 168, 169, 229, 251, 129, 286, 132, 253, 67, 216, 61, 2, 262, 212, 21, 115, 217, 35, 166, 98, 58, 54, 67, 131, 258, 160, 247, 278, 134, 96, 50, 50, 243, 49, 25, 252, 289, 157, 145, 232, 23, 214, 148, 269, 268, 273, 226, 17, 278, 48, 90, 251, 283, 8, 6, 77, 166, 261, 77, 70, 190, 155, 159, 14, }
livetime  = 694
kill  = 0
Hunger
