0:
name   = Nala
TypeId = 4
Power  = 39
{138, 101, 16, 290, 223, 170, 161, 13, 112, 136, 80, 268, 41, 127, 83, 50, 150, 231, 113, 194, 240, 264, 107, 35, 270, 278, 149, 84, 145, 77, 143, 201, 212, 9, 286, 127, 73, 163, 95, 191, 66, 159, 142, 148, 81, 48, 286, 290, 215, 69, 26, 263, 32, 77, 154, 73, 33, 249, 134, 166, 61, 234, 225, 170, 179, 204, 171, 221, 190, 245, 107, 9, 236, 154, 242, 245, 9, 289, 281, 215, 234, 58, 218, 10, 218, 282, 108, 117, 70, 65, 111, 169, 237, 128, 163, 190, 197, 167, 43, 282, 85, 235, 202, 12, 60, 43, 269, 275, 210, 209, 244, 249, 32, 52, 209, 191, 28, 171, 161, 189, 237, 53, 263, 9, 271, 230, 177, 140, 274, 198, 20, 38, 176, 133, 87, 158, 244, 273, 57, 146, 163, 129, 177, 2, 100, 251, 279, 160, 25, 129, 79, 94, 40, 267, 266, 4, 197, 25, 128, 110, 222, 110, 157, 282, 73, 49, 282, 76, 189, 44, 270, 253, 252, 191, 134, 68, 27, 290, 134, 159, 141, 94, 267, 211, 51, 274, 240, 200, 202, 25, 243, 0, 10, 43, 47, 141, 231, 285, 272, 166, 207, 191, 194, 169, 5, 198, 104, 233, 191, 274, 122, 71, 5, 139, 153, 21, 270, 118, 16, 173, 119, 142, 268, 28, 157, 26, 71, 288, 64, 174, 57, 84, 136, 218, 57, 151, 140, 175, 115, 169, 146, 21, 154, 20, 94, 128, 210, 251, 58, 264, 7, 11, 152, 152, 265, 233, }
livetime  = 639
kill  = 2
Hunger
1:
name   = Nala
TypeId = 4
Power  = 15
{138, 101, 16, 290, 223, 170, 161, 13, 112, 136, 80, 268, 41, 127, 83, 50, 182, 231, 113, 194, 240, 264, 107, 35, 270, 81, 149, 84, 145, 77, 143, 201, 212, 9, 286, 127, 73, 163, 95, 191, 66, 159, 142, 148, 81, 48, 286, 290, 215, 69, 26, 263, 32, 77, 21, 73, 33, 249, 134, 166, 14, 234, 225, 170, 179, 204, 171, 221, 190, 245, 107, 9, 236, 154, 242, 245, 9, 289, 281, 215, 234, 58, 218, 10, 218, 282, 108, 117, 70, 25, 111, 169, 237, 128, 163, 190, 197, 167, 43, 282, 85, 235, 202, 12, 60, 43, 269, 275, 210, 209, 244, 249, 32, 52, 209, 122, 28, 171, 161, 189, 237, 53, 263, 73, 271, 230, 177, 140, 274, 198, 20, 38, 176, 133, 87, 158, 244, 273, 57, 146, 163, 129, 177, 157, 100, 251, 279, 160, 25, 129, 79, 94, 40, 267, 266, 4, 197, 25, 128, 110, 222, 110, 157, 282, 73, 49, 282, 76, 189, 44, 270, 253, 252, 191, 134, 68, 27, 290, 146, 159, 141, 94, 267, 211, 51, 274, 240, 200, 202, 25, 243, 0, 10, 43, 47, 141, 231, 285, 272, 166, 207, 191, 194, 169, 5, 198, 104, 233, 191, 274, 122, 71, 5, 139, 153, 21, 270, 118, 16, 173, 119, 142, 268, 28, 157, 26, 71, 288, 64, 174, 57, 84, 136, 218, 57, 151, 140, 175, 115, 169, 146, 21, 154, 20, 94, 128, 210, 251, 110, 264, 7, 11, 152, 152, 180, 233, }
livetime  = 426
kill  = 1
jumped off a cliff
2:
name   = F
TypeId = 4
Power  = 25
{138, 101, 16, 290, 223, 170, 161, 13, 112, 136, 80, 268, 41, 127, 83, 50, 150, 231, 113, 194, 240, 264, 107, 35, 270, 278, 149, 84, 145, 77, 143, 201, 212, 9, 286, 127, 73, 163, 95, 191, 66, 159, 142, 148, 81, 48, 286, 290, 215, 69, 26, 263, 32, 77, 154, 73, 33, 249, 134, 166, 14, 234, 225, 170, 179, 204, 171, 221, 190, 245, 107, 9, 236, 154, 242, 245, 9, 289, 281, 215, 234, 58, 218, 10, 218, 282, 108, 117, 218, 65, 111, 169, 237, 128, 163, 190, 197, 167, 43, 282, 20, 235, 202, 12, 60, 43, 269, 275, 210, 209, 244, 249, 32, 52, 209, 191, 28, 171, 161, 189, 237, 53, 263, 73, 271, 230, 177, 140, 274, 198, 20, 38, 176, 133, 87, 158, 244, 273, 57, 146, 163, 129, 177, 269, 100, 251, 279, 160, 25, 129, 79, 94, 40, 267, 266, 4, 197, 25, 128, 110, 222, 110, 157, 282, 73, 49, 282, 76, 189, 44, 270, 253, 252, 191, 134, 68, 27, 290, 134, 159, 141, 94, 267, 211, 51, 274, 240, 200, 202, 25, 243, 0, 10, 43, 47, 141, 231, 285, 272, 166, 207, 191, 194, 169, 5, 198, 104, 233, 191, 274, 122, 71, 5, 82, 153, 21, 270, 118, 16, 173, 119, 142, 268, 28, 157, 26, 71, 288, 64, 174, 57, 84, 136, 218, 57, 151, 140, 175, 115, 169, 146, 21, 154, 20, 94, 128, 210, 251, 58, 264, 7, 11, 152, 152, 265, 233, }
livetime  = 373
kill  = 2
jumped off a cliff
