0:
name   = Nala
TypeId = 3
Power  = 5
{78, 142, 56, 27, 190, 38, 198, 251, 111, 98, 173, 30, 186, 191, 106, 93, 164, 155, 193, 134, 137, 237, 237, 285, 198, 118, 70, 99, 108, 97, 235, 161, 103, 226, 226, 191, 234, 128, 43, 30, 247, 210, 8, 112, 206, 184, 8, 197, 37, 65, 210, 45, 284, 118, 287, 190, 18, 195, 2, 202, 66, 166, 190, 33, 129, 80, 258, 52, 130, 88, 131, 102, 167, 91, 115, 249, 143, 70, 140, 171, 232, 86, 107, 203, 83, 140, 170, 235, 187, 165, 120, 289, 29, 58, 50, 194, 90, 176, 178, 221, 193, 183, 237, 250, 107, 113, 2, 28, 289, 121, 23, 223, 115, 67, 31, 34, 141, 275, 241, 51, 116, 153, 27, 72, 144, 20, 170, 203, 8, 205, 78, 46, 37, 39, 9, 124, 46, 155, 245, 162, 62, 89, 265, 25, 10, 7, 144, 204, 131, 215, 192, 131, 112, 261, 217, 43, 88, 184, 73, 197, 219, 69, 14, 112, 34, 48, 64, 128, 277, 18, 88, 44, 43, 258, 62, 114, 95, 116, 271, 238, 186, 120, 285, 203, 225, 105, 261, 189, 238, 287, 143, 125, 102, 50, 46, 45, 82, 199, 70, 11, 75, 238, 73, 81, 109, 100, 103, 146, 168, 229, 72, 144, 33, 273, 239, 217, 119, 263, 37, 50, 152, 6, 98, 162, 224, 62, 20, 123, 201, 137, 150, 276, 255, 157, 110, 286, 199, 86, 196, 175, 287, 101, 214, 65, 38, 203, 168, 116, 128, 10, 246, 120, 200, 190, 115, 242, }
livetime  = 41
kill  = 0
Hunger
1:
name   = Nala
TypeId = 2
Power  = 20
{290, 275, 49, 282, 9, 101, 164, 248, 111, 63, 180, 251, 159, 158, 159, 151, 179, 163, 273, 218, 167, 117, 103, 190, 190, 1, 238, 204, 175, 209, 162, 201, 175, 195, 205, 60, 108, 210, 228, 154, 92, 127, 209, 174, 217, 4, 158, 112, 159, 245, 180, 48, 223, 82, 10, 101, 83, 83, 251, 284, 76, 0, 162, 181, 19, 211, 98, 209, 72, 242, 190, 10, 130, 1, 158, 14, 151, 48, 132, 116, 200, 254, 144, 65, 103, 180, 64, 228, 217, 146, 134, 164, 19, 33, 114, 244, 152, 133, 171, 194, 144, 109, 20, 176, 124, 96, 178, 58, 81, 210, 19, 112, 216, 83, 70, 15, 258, 151, 148, 148, 103, 70, 109, 266, 133, 34, 126, 280, 249, 105, 82, 219, 226, 84, 273, 142, 189, 287, 159, 217, 81, 196, 159, 107, 225, 253, 238, 264, 44, 106, 203, 257, 225, 252, 195, 52, 146, 43, 191, 11, 142, 213, 152, 112, 175, 0, 45, 164, 242, 96, 18, 149, 2, 83, 134, 119, 47, 289, 258, 48, 169, 6, 51, 143, 3, 266, 265, 244, 92, 231, 4, 35, 54, 118, 35, 206, 36, 230, 117, 208, 252, 194, 44, 65, 62, 200, 108, 109, 133, 229, 234, 150, 17, 0, 211, 38, 120, 81, 215, 24, 195, 92, 255, 261, 250, 235, 51, 161, 99, 239, 45, 75, 50, 141, 93, 275, 140, 256, 184, 42, 156, 103, 236, 224, 26, 87, 268, 121, 256, 240, 90, 243, 281, 248, 53, 250, }
livetime  = 38
kill  = 0
jumped off a cliff
2:
name   = C
TypeId = 3
Power  = 6
{215, 40, 86, 8, 169, 269, 2, 23, 124, 241, 131, 227, 180, 131, 98, 186, 261, 286, 125, 178, 34, 88, 34, 31, 92, 5, 30, 38, 76, 198, 95, 269, 274, 95, 282, 64, 50, 151, 11, 247, 106, 42, 50, 70, 267, 149, 34, 243, 81, 283, 257, 172, 249, 123, 208, 280, 66, 272, 201, 240, 59, 15, 148, 206, 94, 231, 275, 112, 267, 264, 103, 227, 224, 187, 77, 25, 67, 155, 138, 276, 210, 257, 13, 105, 131, 88, 19, 191, 102, 192, 39, 32, 77, 265, 187, 167, 77, 106, 16, 155, 209, 97, 226, 222, 30, 134, 16, 75, 6, 242, 113, 290, 157, 209, 26, 224, 201, 87, 75, 18, 59, 56, 112, 260, 94, 58, 81, 178, 124, 59, 57, 101, 20, 73, 18, 77, 98, 130, 211, 57, 50, 220, 52, 106, 101, 171, 180, 274, 228, 52, 39, 183, 114, 189, 127, 94, 128, 75, 89, 146, 106, 50, 85, 53, 17, 44, 269, 209, 152, 114, 141, 230, 97, 17, 93, 55, 190, 94, 202, 134, 204, 98, 134, 166, 66, 20, 39, 186, 197, 78, 110, 18, 157, 253, 153, 18, 107, 39, 62, 32, 237, 114, 234, 61, 167, 212, 7, 173, 189, 197, 118, 169, 244, 53, 165, 21, 262, 176, 220, 212, 85, 178, 17, 28, 28, 119, 92, 137, 81, 264, 92, 180, 249, 247, 111, 138, 215, 163, 10, 194, 126, 266, 29, 127, 104, 97, 208, 200, 264, 97, 185, 164, 270, 202, 27, 110, }
livetime  = 35
kill  = 1
Hunger
