0:
name   = C
TypeId = 2
Power  = 1
{113, 127, 124, 153, 235, 222, 260, 192, 130, 107, 79, 181, 143, 154, 171, 251, 174, 233, 175, 261, 123, 180, 17, 281, 153, 37, 66, 83, 121, 2, 223, 3, 75, 123, 99, 273, 87, 53, 37, 153, 63, 117, 258, 72, 69, 118, 149, 62, 290, 124, 169, 163, 2, 251, 44, 197, 96, 112, 60, 222, 76, 145, 268, 246, 18, 18, 157, 33, 164, 265, 57, 82, 12, 50, 247, 64, 231, 269, 160, 93, 241, 252, 100, 173, 208, 9, 120, 214, 222, 271, 240, 276, 167, 154, 140, 131, 64, 129, 150, 284, 57, 34, 212, 96, 240, 204, 1, 100, 90, 165, 0, 245, 243, 128, 18, 65, 121, 136, 36, 239, 276, 40, 275, 136, 82, 76, 257, 17, 56, 96, 271, 132, 212, 37, 23, 120, 34, 145, 176, 9, 140, 53, 188, 227, 236, 277, 206, 30, 208, 27, 81, 153, 15, 67, 57, 99, 130, 68, 133, 3, 259, 42, 74, 31, 72, 134, 195, 52, 29, 155, 23, 149, 163, 60, 224, 67, 226, 19, 185, 84, 223, 119, 276, 163, 145, 153, 179, 4, 27, 164, 128, 168, 191, 288, 158, 33, 225, 228, 242, 58, 67, 129, 193, 131, 267, 180, 160, 65, 120, 145, 119, 21, 196, 19, 209, 161, 39, 172, 69, 158, 224, 150, 101, 101, 261, 125, 73, 251, 198, 100, 52, 224, 109, 272, 54, 33, 146, 170, 133, 30, 66, 251, 50, 44, 136, 27, 246, 192, 80, 254, 139, 181, 53, 274, 290, 237, }
livetime  = 42
kill  = 0
Hunger
1:
name   = D
TypeId = 2
Power  = 8
{12, 13, 130, 8, 53, 241, 130, 177, 290, 10, 133, 157, 198, 115, 248, 52, 93, 139, 236, 185, 199, 139, 28, 240, 117, 127, 70, 142, 144, 117, 18, 101, 101, 224, 123, 162, 235, 129, 102, 269, 66, 127, 55, 6, 8, 219, 137, 289, 77, 203, 144, 202, 276, 254, 235, 41, 58, 132, 216, 114, 119, 49, 40, 229, 131, 218, 206, 60, 99, 162, 33, 184, 4, 70, 123, 116, 221, 241, 227, 11, 53, 31, 248, 75, 161, 99, 115, 199, 176, 4, 33, 272, 12, 270, 17, 133, 37, 63, 36, 68, 270, 197, 98, 81, 237, 189, 219, 236, 225, 190, 7, 275, 168, 50, 234, 202, 264, 233, 84, 196, 143, 12, 106, 21, 136, 230, 122, 217, 228, 256, 89, 156, 248, 30, 90, 222, 155, 88, 225, 8, 94, 243, 215, 13, 52, 70, 79, 1, 225, 209, 185, 250, 228, 34, 79, 168, 88, 128, 88, 40, 140, 268, 191, 65, 219, 82, 116, 80, 263, 37, 256, 126, 232, 42, 218, 232, 48, 153, 166, 119, 131, 270, 193, 28, 187, 262, 9, 15, 208, 43, 142, 133, 95, 287, 53, 4, 55, 187, 263, 158, 208, 31, 72, 184, 273, 152, 228, 52, 105, 32, 174, 97, 57, 130, 259, 165, 140, 206, 178, 205, 235, 273, 12, 242, 190, 229, 262, 132, 86, 225, 225, 2, 234, 264, 249, 75, 237, 138, 136, 198, 241, 157, 191, 68, 57, 131, 98, 166, 276, 157, 232, 49, 186, 290, 157, 36, }
livetime  = 40
kill  = 0
Hunger
2:
name   = Bella
TypeId = 1
Power  = 9
{25, 269, 180, 119, 58, 15, 58, 229, 279, 230, 268, 27, 172, 251, 244, 211, 106, 129, 255, 199, 135, 208, 203, 9, 45, 41, 75, 286, 57, 193, 6, 63, 275, 71, 182, 238, 174, 192, 113, 141, 95, 97, 152, 194, 177, 13, 160, 3, 194, 246, 65, 98, 50, 83, 209, 252, 198, 102, 259, 115, 154, 174, 97, 80, 226, 30, 136, 54, 235, 134, 43, 76, 229, 259, 60, 50, 77, 104, 209, 183, 13, 276, 26, 160, 12, 19, 11, 246, 193, 213, 263, 207, 223, 163, 229, 260, 0, 172, 63, 63, 239, 5, 208, 151, 187, 204, 123, 120, 267, 21, 125, 135, 185, 197, 249, 159, 159, 175, 43, 126, 12, 17, 158, 274, 240, 33, 123, 146, 137, 21, 102, 191, 108, 255, 126, 115, 187, 194, 239, 117, 254, 75, 82, 201, 183, 67, 198, 110, 140, 123, 12, 240, 109, 107, 252, 208, 172, 117, 281, 185, 90, 109, 152, 249, 100, 98, 153, 42, 285, 220, 126, 111, 47, 214, 101, 64, 74, 193, 38, 89, 120, 177, 54, 215, 26, 162, 142, 138, 79, 94, 75, 168, 75, 287, 1, 174, 281, 257, 39, 274, 85, 177, 259, 0, 285, 142, 234, 141, 171, 266, 221, 123, 7, 8, 48, 58, 9, 178, 14, 82, 121, 106, 237, 265, 32, 83, 184, 79, 117, 276, 17, 77, 76, 156, 7, 271, 72, 83, 151, 180, 155, 169, 34, 121, 225, 88, 245, 278, 150, 49, 165, 66, 158, 222, 71, 154, }
livetime  = 36
kill  = 0
Hunger
