0:
name   = F
TypeId = 3
Power  = 2
{242, 14, 69, 69, 191, 274, 283, 96, 40, 89, 189, 265, 4, 250, 286, 91, 45, 181, 24, 243, 218, 175, 18, 187, 53, 52, 270, 163, 236, 91, 74, 43, 235, 87, 128, 274, 71, 266, 192, 225, 259, 116, 13, 225, 1, 21, 258, 116, 120, 3, 212, 250, 181, 168, 168, 148, 223, 137, 144, 177, 224, 195, 290, 220, 227, 32, 207, 184, 210, 213, 270, 278, 51, 75, 207, 204, 171, 117, 115, 70, 145, 242, 201, 87, 105, 4, 147, 111, 220, 189, 190, 271, 102, 66, 41, 88, 86, 170, 136, 3, 89, 132, 217, 154, 286, 10, 278, 34, 5, 63, 99, 81, 8, 237, 151, 74, 64, 96, 146, 76, 210, 170, 159, 76, 94, 127, 30, 25, 124, 140, 228, 111, 249, 197, 128, 188, 126, 268, 162, 71, 169, 66, 272, 135, 92, 157, 242, 241, 187, 33, 54, 9, 272, 172, 51, 207, 19, 81, 256, 27, 159, 2, 7, 184, 70, 163, 93, 95, 108, 216, 163, 265, 165, 145, 214, 8, 3, 68, 149, 29, 266, 258, 44, 255, 290, 123, 125, 176, 113, 201, 3, 59, 223, 173, 0, 250, 273, 172, 193, 267, 276, 231, 253, 92, 203, 185, 143, 261, 20, 102, 267, 280, 212, 204, 158, 140, 64, 81, 74, 70, 267, 159, 242, 174, 30, 273, 60, 156, 17, 236, 265, 243, 244, 228, 77, 138, 88, 286, 266, 145, 168, 3, 80, 85, 59, 226, 203, 2, 186, 118, 17, 37, 261, 194, 68, 100, }
livetime  = 39
kill  = 1
Hunger
1:
name   = Luna
TypeId = 1
Power  = 4
{246, 261, 192, 243, 45, 176, 60, 9, 174, 127, 53, 242, 172, 230, 75, 14, 131, 252, 60, 273, 255, 221, 288, 263, 210, 87, 80, 233, 110, 267, 282, 0, 48, 131, 238, 238, 246, 272, 154, 278, 260, 50, 272, 100, 255, 133, 88, 222, 69, 246, 289, 149, 56, 288, 129, 217, 223, 258, 225, 107, 13, 289, 265, 127, 155, 18, 237, 193, 183, 199, 252, 28, 123, 45, 211, 45, 17, 86, 198, 162, 167, 77, 190, 266, 264, 9, 32, 18, 74, 49, 102, 225, 220, 257, 69, 81, 128, 231, 3, 245, 23, 89, 284, 84, 246, 40, 196, 186, 158, 236, 116, 275, 69, 144, 237, 227, 123, 115, 113, 179, 187, 263, 261, 200, 250, 247, 138, 80, 110, 38, 147, 282, 248, 285, 84, 8, 125, 197, 247, 276, 129, 13, 208, 34, 184, 210, 195, 40, 189, 150, 148, 11, 174, 249, 18, 97, 237, 203, 235, 131, 68, 280, 161, 134, 146, 233, 191, 194, 183, 103, 135, 56, 162, 42, 154, 271, 271, 279, 37, 165, 229, 221, 165, 239, 49, 63, 183, 149, 223, 212, 188, 145, 23, 123, 218, 256, 192, 114, 114, 189, 260, 222, 255, 136, 224, 285, 110, 207, 89, 10, 192, 5, 210, 287, 24, 274, 175, 56, 151, 175, 105, 51, 250, 282, 229, 128, 243, 161, 197, 79, 70, 79, 195, 38, 168, 181, 83, 214, 13, 74, 212, 115, 139, 119, 245, 290, 124, 66, 99, 62, 2, 41, 95, 286, 161, 146, }
livetime  = 36
kill  = 0
Hunger
2:
name   = Slinky
TypeId = 1
Power  = 7
{38, 50, 206, 188, 39, 246, 233, 87, 224, 180, 149, 75, 241, 147, 141, 60, 149, 159, 259, 57, 175, 81, 24, 118, 163, 216, 17, 120, 36, 80, 69, 242, 104, 78, 209, 64, 85, 124, 29, 158, 25, 34, 237, 275, 107, 132, 133, 235, 103, 170, 27, 33, 286, 288, 30, 203, 194, 139, 6, 61, 257, 146, 273, 96, 12, 179, 31, 9, 240, 281, 72, 174, 181, 177, 165, 58, 261, 220, 58, 117, 79, 264, 223, 131, 169, 185, 130, 142, 266, 267, 138, 91, 236, 239, 106, 187, 28, 180, 127, 154, 163, 95, 243, 143, 191, 120, 227, 152, 24, 103, 180, 243, 245, 142, 155, 32, 13, 59, 82, 234, 221, 17, 287, 106, 27, 64, 266, 269, 54, 126, 109, 136, 52, 9, 240, 74, 63, 290, 223, 91, 11, 196, 119, 227, 237, 199, 261, 150, 134, 220, 110, 260, 54, 193, 62, 216, 223, 41, 226, 106, 34, 288, 256, 213, 232, 80, 229, 278, 20, 237, 273, 32, 90, 290, 16, 96, 251, 231, 194, 229, 169, 6, 29, 126, 43, 252, 267, 40, 32, 268, 41, 105, 12, 113, 59, 146, 167, 153, 193, 79, 151, 257, 172, 281, 148, 141, 128, 172, 58, 90, 216, 0, 111, 0, 230, 91, 34, 222, 272, 105, 243, 98, 50, 156, 189, 86, 142, 204, 151, 149, 121, 88, 66, 229, 209, 131, 195, 221, 184, 202, 59, 140, 206, 91, 260, 222, 0, 185, 95, 241, 177, 39, 33, 17, 74, 35, }
livetime  = 34
kill  = 1
Hunger
3:
name   = C
TypeId = 2
Power  = 5
{188, 162, 31, 98, 4, 159, 275, 235, 248, 12, 61, 162, 67, 273, 35, 214, 41, 66, 163, 273, 90, 131, 138, 120, 144, 229, 113, 21, 75, 222, 61, 172, 160, 191, 261, 89, 217, 30, 75, 133, 97, 25, 207, 231, 240, 223, 24, 81, 77, 23, 240, 253, 170, 16, 107, 280, 110, 219, 175, 5, 245, 209, 159, 2, 155, 38, 252, 231, 39, 17, 14, 9, 226, 203, 83, 48, 223, 270, 168, 27, 193, 29, 107, 2, 42, 106, 145, 153, 63, 76, 174, 208, 227, 157, 198, 131, 165, 241, 242, 148, 52, 222, 241, 274, 259, 187, 98, 62, 53, 285, 198, 136, 107, 221, 271, 73, 289, 202, 135, 136, 23, 5, 8, 235, 209, 16, 22, 197, 216, 127, 79, 167, 205, 30, 258, 258, 210, 279, 156, 137, 5, 121, 128, 5, 210, 165, 216, 34, 165, 32, 67, 125, 52, 50, 172, 209, 149, 127, 107, 98, 250, 202, 154, 141, 160, 32, 77, 252, 8, 150, 122, 134, 188, 82, 79, 127, 116, 82, 21, 265, 264, 6, 99, 280, 66, 90, 20, 80, 70, 57, 278, 50, 14, 226, 126, 215, 165, 223, 54, 107, 260, 4, 60, 147, 17, 165, 225, 207, 225, 144, 255, 266, 257, 164, 84, 86, 253, 23, 85, 204, 117, 1, 179, 5, 102, 204, 191, 67, 70, 170, 188, 168, 31, 124, 165, 209, 18, 176, 259, 34, 217, 250, 109, 65, 229, 185, 162, 165, 74, 100, 172, 57, 148, 247, 25, 57, }
livetime  = 34
kill  = 0
Hunger
4:
name   = Slytherin
TypeId = 3
Power  = 9
{264, 236, 124, 121, 230, 113, 11, 96, 157, 72, 96, 265, 211, 165, 147, 212, 175, 27, 257, 65, 173, 128, 219, 240, 106, 47, 288, 284, 266, 96, 65, 269, 160, 20, 42, 196, 64, 133, 154, 43, 164, 65, 179, 228, 245, 85, 235, 82, 71, 11, 133, 145, 284, 228, 63, 41, 130, 142, 182, 54, 15, 136, 251, 109, 285, 68, 274, 190, 272, 243, 66, 50, 151, 162, 226, 115, 189, 0, 13, 9, 82, 245, 160, 284, 151, 230, 202, 62, 85, 132, 279, 69, 77, 62, 182, 126, 184, 42, 15, 246, 137, 133, 22, 90, 244, 32, 48, 184, 246, 33, 252, 226, 199, 40, 232, 85, 129, 216, 143, 79, 164, 6, 134, 81, 67, 186, 180, 271, 118, 247, 206, 248, 99, 217, 40, 266, 118, 216, 279, 34, 265, 280, 15, 159, 26, 48, 71, 11, 212, 62, 10, 52, 55, 101, 118, 120, 124, 96, 23, 90, 83, 47, 53, 242, 235, 9, 61, 226, 59, 91, 44, 65, 144, 223, 200, 122, 235, 41, 225, 215, 44, 196, 194, 193, 50, 111, 89, 197, 192, 158, 159, 197, 87, 92, 103, 201, 212, 268, 53, 40, 74, 191, 218, 249, 0, 244, 109, 213, 62, 258, 139, 138, 185, 257, 189, 198, 169, 136, 197, 17, 42, 129, 262, 53, 225, 209, 153, 78, 91, 37, 83, 195, 193, 66, 113, 140, 4, 55, 130, 71, 278, 236, 194, 76, 139, 86, 282, 184, 103, 39, 251, 24, 69, 140, 209, 237, }
livetime  = 30
kill  = 0
Hunger
5:
name   = Lola
TypeId = 1
Power  = 4
{153, 25, 160, 7, 207, 213, 155, 107, 217, 70, 108, 79, 223, 244, 62, 75, 183, 10, 8, 190, 200, 133, 75, 111, 272, 191, 12, 90, 248, 30, 250, 119, 123, 91, 97, 0, 276, 175, 101, 149, 128, 128, 25, 123, 130, 287, 27, 218, 204, 202, 63, 259, 18, 265, 151, 111, 252, 210, 53, 11, 242, 20, 98, 286, 188, 275, 59, 240, 204, 169, 209, 265, 157, 124, 238, 285, 215, 280, 257, 56, 205, 65, 74, 227, 210, 70, 236, 144, 234, 243, 43, 182, 127, 88, 284, 235, 139, 18, 130, 51, 190, 36, 70, 160, 86, 233, 145, 25, 55, 148, 143, 229, 171, 89, 20, 250, 226, 11, 268, 148, 228, 83, 121, 284, 213, 165, 117, 229, 276, 211, 75, 20, 106, 276, 29, 176, 28, 43, 47, 289, 223, 241, 186, 160, 248, 49, 29, 174, 56, 161, 12, 4, 161, 37, 108, 29, 178, 211, 178, 247, 244, 221, 146, 3, 120, 72, 198, 81, 23, 0, 271, 258, 262, 119, 125, 148, 45, 241, 251, 225, 229, 149, 157, 240, 9, 228, 138, 273, 7, 26, 121, 272, 18, 277, 277, 131, 182, 138, 104, 289, 152, 79, 126, 14, 190, 177, 278, 35, 82, 19, 227, 24, 176, 148, 116, 284, 135, 189, 264, 157, 279, 127, 116, 3, 82, 136, 195, 42, 23, 47, 204, 176, 132, 129, 281, 144, 40, 11, 33, 77, 164, 62, 46, 99, 159, 289, 52, 93, 13, 203, 92, 81, 187, 184, 164, 16, }
livetime  = 28
kill  = 0
Hunger
6:
name   = E
TypeId = 1
Power  = 11
{195, 62, 248, 188, 30, 102, 72, 212, 55, 265, 221, 135, 109, 130, 44, 174, 86, 237, 83, 232, 66, 268, 51, 127, 194, 166, 268, 251, 63, 240, 151, 55, 29, 64, 72, 15, 196, 90, 276, 63, 238, 193, 95, 239, 169, 212, 278, 157, 235, 229, 102, 24, 191, 106, 182, 269, 2, 255, 54, 67, 7, 39, 150, 145, 239, 200, 108, 261, 178, 186, 152, 115, 140, 61, 177, 147, 53, 6, 254, 82, 82, 259, 264, 173, 84, 282, 155, 174, 83, 157, 18, 153, 9, 211, 112, 120, 211, 151, 83, 217, 175, 189, 164, 61, 142, 230, 21, 72, 281, 276, 113, 269, 233, 186, 232, 110, 157, 119, 125, 123, 89, 29, 84, 249, 193, 258, 69, 215, 27, 65, 175, 211, 4, 286, 94, 257, 97, 9, 275, 158, 114, 131, 123, 180, 129, 42, 290, 128, 213, 139, 82, 135, 135, 31, 279, 142, 12, 4, 7, 224, 0, 155, 138, 154, 263, 285, 142, 259, 152, 1, 171, 71, 241, 54, 49, 173, 199, 280, 64, 164, 24, 258, 262, 69, 163, 155, 266, 24, 164, 180, 157, 139, 203, 60, 170, 180, 13, 35, 286, 170, 156, 231, 205, 231, 156, 215, 66, 277, 169, 70, 159, 143, 259, 254, 40, 95, 284, 164, 267, 187, 103, 276, 65, 83, 18, 117, 231, 10, 24, 174, 173, 173, 192, 200, 275, 52, 134, 57, 196, 189, 171, 282, 55, 101, 278, 227, 85, 172, 27, 238, 89, 279, 230, 276, 165, 145, }
livetime  = 28
kill  = 0
Hunger
7:
name   = Barsik
TypeId = 1
Power  = 5
{232, 12, 163, 234, 159, 278, 231, 11, 262, 10, 124, 22, 118, 105, 161, 249, 139, 102, 185, 285, 32, 208, 3, 2, 230, 219, 265, 27, 224, 147, 66, 58, 119, 17, 53, 29, 83, 246, 2, 85, 142, 257, 99, 60, 235, 244, 202, 145, 21, 113, 88, 21, 72, 166, 169, 175, 37, 204, 32, 62, 249, 168, 126, 141, 110, 196, 165, 59, 141, 124, 245, 216, 265, 249, 247, 23, 279, 93, 41, 43, 41, 160, 149, 148, 71, 6, 250, 236, 111, 111, 249, 28, 231, 180, 124, 111, 279, 141, 201, 216, 128, 117, 46, 108, 149, 129, 238, 77, 91, 51, 85, 266, 140, 232, 163, 274, 259, 253, 283, 239, 220, 215, 10, 16, 184, 2, 289, 262, 145, 0, 165, 235, 238, 27, 100, 280, 100, 75, 160, 174, 33, 237, 208, 84, 56, 0, 116, 84, 216, 275, 53, 170, 216, 17, 282, 248, 65, 104, 191, 0, 126, 247, 79, 161, 29, 185, 214, 245, 274, 12, 231, 110, 178, 13, 147, 35, 190, 215, 2, 219, 225, 263, 28, 65, 36, 95, 243, 93, 233, 26, 142, 125, 30, 284, 146, 4, 158, 287, 64, 152, 214, 68, 216, 167, 247, 89, 87, 68, 43, 153, 3, 289, 277, 233, 136, 239, 53, 74, 246, 49, 120, 74, 148, 201, 213, 129, 237, 24, 60, 209, 122, 196, 76, 64, 186, 125, 130, 15, 24, 239, 249, 55, 26, 276, 242, 94, 116, 248, 84, 22, 17, 166, 254, 149, 18, 17, }
livetime  = 28
kill  = 1
Hunger
