0:
name   = Nala
TypeId = 3
Power  = 13
{18, 33, 12, 14, 76, 11, 3, 156, 127, 10, 153, 95, 84, 117, 160, 144, 61, 129, 46, 3, 158, 115, 68, 117, 83, 29, 46, 147, 139, 66, 156, 49, 108, 23, 117, 130, 58, 139, 60, 153, 3, 97, 119, 127, 99, 134, 8, 59, 90, 117, 59, 121, 118, 117, 58, 133, 29, 52, 107, 130, 8, 68, 55, 154, 129, 17, 151, 47, 133, 139, 72, 141, 93, 162, 153, 106, 48, 43, 123, 9, 42, 104, 136, 12, 129, 97, 7, 162, 114, 7, 87, 144, 138, 145, 39, 11, 154, 146, 87, 74, 137, 40, 91, 102, 77, 124, 100, 84, 23, 102, 17, 12, 6, 143, 75, 160, 143, 109, 28, 143, 161, 96, 122, 38, 56, 10, 43, 152, }
livetime  = 3372
kill  = 4
No death
1:
name   = Lola
TypeId = 3
Power  = 20
{18, 33, 12, 14, 76, 11, 3, 156, 127, 97, 153, 95, 84, 117, 160, 144, 61, 129, 46, 3, 158, 115, 68, 117, 83, 29, 46, 147, 139, 66, 156, 49, 108, 23, 117, 130, 58, 139, 60, 153, 3, 97, 119, 127, 99, 134, 8, 59, 90, 117, 59, 121, 118, 117, 58, 133, 29, 52, 107, 130, 8, 68, 55, 154, 129, 17, 151, 47, 133, 139, 72, 141, 93, 162, 153, 106, 48, 43, 123, 9, 81, 104, 70, 12, 129, 97, 7, 162, 114, 7, 87, 144, 138, 145, 39, 11, 154, 146, 87, 74, 137, 40, 91, 102, 77, 124, 100, 84, 23, 91, 17, 12, 6, 143, 75, 160, 143, 109, 28, 143, 161, 96, 122, 38, 56, 10, 43, 152, }
livetime  = 3372
kill  = 7
No death
2:
name   = Luna
TypeId = 3
Power  = 12
{18, 33, 12, 14, 76, 11, 3, 156, 127, 97, 153, 95, 84, 117, 160, 144, 61, 129, 46, 3, 158, 115, 68, 117, 83, 29, 46, 147, 139, 66, 156, 49, 108, 23, 117, 130, 58, 139, 60, 153, 3, 97, 119, 127, 99, 134, 8, 59, 90, 117, 59, 121, 118, 117, 58, 133, 29, 52, 107, 130, 8, 68, 55, 154, 129, 102, 151, 47, 133, 139, 72, 141, 93, 162, 153, 106, 48, 43, 123, 9, 42, 104, 70, 12, 129, 97, 7, 162, 114, 7, 87, 144, 138, 145, 39, 11, 154, 146, 87, 74, 137, 40, 91, 102, 77, 124, 100, 84, 23, 102, 17, 12, 6, 143, 75, 160, 143, 109, 28, 143, 161, 96, 122, 38, 56, 40, 43, 152, }
livetime  = 3371
kill  = 3
EATEN BY Lola
