0:
name   = D
TypeId = 2
Power  = 2
{202, 230, 25, 204, 95, 104, 194, 159, 6, 174, 281, 225, 110, 10, 59, 203, 284, 211, 21, 7, 241, 118, 113, 110, 250, 31, 177, 95, 270, 16, 286, 275, 162, 224, 159, 44, 11, 188, 120, 146, 94, 44, 34, 4, 127, 192, 208, 95, 237, 27, 59, 122, 205, 123, 246, 268, 246, 31, 159, 197, 88, 8, 272, 111, 221, 38, 209, 286, 27, 91, 174, 178, 156, 208, 196, 53, 252, 206, 32, 181, 208, 219, 133, 177, 244, 222, 195, 29, 17, 10, 204, 289, 145, 281, 215, 81, 2, 254, 88, 73, 74, 61, 64, 10, 90, 248, 139, 96, 192, 222, 233, 31, 9, 169, 47, 231, 229, 259, 186, 279, 29, 237, 8, 223, 116, 219, 76, 274, 149, 159, 127, 22, 258, 117, 240, 262, 3, 248, 231, 228, 175, 66, 97, 84, 3, 285, 256, 183, 31, 24, 193, 269, 196, 31, 36, 161, 257, 205, 214, 135, 165, 116, 29, 136, 275, 228, 85, 267, 79, 38, 101, 211, 77, 208, 116, 124, 59, 14, 177, 74, 160, 69, 229, 166, 168, 78, 11, 285, 8, 101, 151, 28, 166, 120, 93, 258, 109, 133, 245, 101, 188, 121, 86, 63, 180, 19, 11, 222, 188, 127, 119, 79, 135, 81, 122, 75, 143, 175, 12, 157, 146, 125, 36, 249, 1, 255, 227, 197, 207, 103, 132, 185, 162, 162, 132, 289, 11, 271, 242, 147, 22, 258, 223, 101, 168, 39, 29, 89, 116, 146, 21, 288, 281, 266, 117, 156, }
livetime  = 33
kill  = 0
Hunger
1:
name   = C
TypeId = 3
Power  = 3
{14, 230, 99, 66, 162, 143, 26, 72, 6, 209, 26, 214, 266, 7, 35, 148, 23, 180, 286, 222, 144, 179, 225, 67, 154, 192, 29, 22, 255, 29, 242, 258, 84, 215, 169, 142, 109, 15, 234, 221, 205, 243, 131, 209, 83, 88, 248, 214, 48, 50, 187, 90, 16, 174, 30, 232, 80, 144, 119, 253, 73, 200, 95, 46, 180, 63, 136, 40, 203, 90, 0, 27, 194, 10, 224, 163, 121, 249, 215, 8, 88, 65, 120, 149, 80, 23, 88, 270, 20, 288, 273, 180, 138, 97, 54, 157, 13, 275, 288, 40, 290, 237, 284, 267, 138, 290, 53, 240, 232, 102, 256, 4, 219, 101, 207, 137, 122, 237, 67, 164, 61, 226, 99, 149, 216, 65, 229, 186, 78, 219, 113, 266, 94, 272, 108, 18, 283, 30, 77, 95, 207, 146, 154, 259, 252, 187, 233, 217, 161, 228, 205, 184, 32, 173, 35, 119, 242, 108, 72, 73, 203, 2, 44, 163, 97, 252, 283, 95, 90, 136, 12, 221, 67, 180, 198, 125, 202, 95, 286, 168, 91, 54, 254, 118, 249, 95, 121, 183, 266, 176, 127, 268, 64, 165, 2, 132, 79, 119, 88, 141, 153, 36, 107, 257, 242, 130, 195, 282, 223, 271, 178, 76, 162, 10, 12, 101, 128, 219, 121, 284, 280, 284, 165, 282, 180, 68, 35, 184, 287, 56, 241, 198, 162, 62, 45, 153, 110, 213, 112, 120, 211, 31, 80, 223, 207, 227, 246, 81, 157, 228, 41, 262, 273, 156, 53, 199, }
livetime  = 33
kill  = 0
Hunger
2:
name   = Filip
TypeId = 1
Power  = 4
{145, 236, 194, 6, 140, 54, 145, 101, 189, 235, 218, 225, 73, 246, 253, 126, 20, 215, 16, 247, 177, 40, 144, 106, 264, 117, 109, 33, 64, 184, 231, 88, 1, 265, 241, 136, 54, 114, 54, 172, 268, 122, 255, 78, 181, 266, 182, 223, 210, 209, 55, 201, 89, 234, 201, 237, 286, 83, 61, 278, 173, 6, 143, 42, 202, 126, 97, 223, 229, 30, 209, 115, 17, 278, 19, 212, 185, 4, 138, 39, 33, 49, 35, 273, 126, 133, 81, 128, 136, 271, 272, 96, 22, 203, 78, 102, 274, 190, 158, 10, 32, 68, 272, 110, 50, 239, 115, 194, 155, 106, 196, 36, 244, 62, 62, 10, 177, 117, 256, 156, 7, 211, 47, 285, 2, 289, 189, 20, 288, 43, 69, 72, 44, 28, 181, 34, 137, 286, 172, 188, 158, 238, 5, 255, 176, 89, 24, 85, 185, 225, 249, 108, 0, 49, 215, 149, 208, 199, 265, 248, 55, 243, 133, 249, 95, 124, 34, 281, 14, 81, 125, 266, 28, 245, 251, 93, 119, 117, 169, 259, 93, 151, 146, 284, 10, 23, 277, 118, 153, 271, 194, 56, 52, 212, 22, 52, 8, 114, 29, 246, 26, 29, 208, 110, 177, 36, 82, 272, 272, 113, 178, 143, 13, 60, 81, 279, 254, 290, 40, 117, 162, 157, 140, 47, 146, 226, 120, 56, 188, 162, 227, 129, 200, 41, 207, 179, 29, 110, 35, 228, 282, 21, 150, 176, 236, 64, 284, 87, 214, 226, 199, 90, 269, 270, 72, 233, }
livetime  = 33
kill  = 0
Hunger
