0:
name   = C
TypeId = 2
Power  = 1
{37, 248, 25, 145, 131, 267, 97, 95, 203, 241, 12, 198, 182, 42, 164, 18, 285, 130, 180, 251, 67, 225, 145, 290, 33, 171, 128, 262, 61, 59, 115, 199, 77, 161, 284, 266, 267, 13, 198, 212, 86, 194, 260, 0, 281, 180, 175, 28, 141, 167, 48, 257, 56, 74, 117, 139, 62, 178, 52, 10, 248, 31, 275, 40, 123, 125, 3, 250, 146, 245, 245, 182, 115, 162, 19, 159, 5, 110, 289, 6, 65, 214, 258, 175, 98, 213, 149, 277, 215, 9, 107, 27, 199, 33, 286, 167, 142, 47, 152, 261, 80, 151, 156, 115, 187, 267, 182, 24, 127, 279, 200, 108, 271, 131, 40, 155, 30, 65, 211, 193, 135, 185, 55, 257, 21, 195, 266, 151, 249, 99, 21, 195, 76, 86, 186, 168, 286, 147, 255, 11, 86, 92, 104, 72, 127, 226, 147, 11, 37, 164, 258, 188, 81, 97, 79, 247, 170, 126, 27, 77, 174, 21, 25, 198, 145, 183, 165, 135, 125, 229, 50, 34, 132, 7, 243, 214, 80, 26, 68, 220, 188, 121, 169, 257, 220, 277, 85, 40, 164, 28, 5, 19, 260, 173, 119, 30, 121, 166, 80, 218, 149, 274, 264, 81, 48, 22, 83, 254, 133, 253, 116, 0, 142, 244, 98, 271, 222, 243, 48, 158, 225, 104, 272, 277, 118, 15, 104, 225, 71, 237, 18, 137, 72, 139, 93, 278, 254, 85, 239, 19, 262, 96, 153, 216, 76, 40, 183, 96, 17, 245, 131, 212, 101, 274, 5, 266, }
livetime  = 33
kill  = 0
Hunger
1:
name   = C
TypeId = 2
Power  = 9
{248, 106, 102, 44, 57, 123, 28, 28, 262, 162, 263, 119, 166, 121, 138, 50, 230, 126, 175, 272, 282, 22, 14, 237, 194, 206, 223, 149, 136, 128, 205, 266, 211, 222, 65, 227, 163, 12, 101, 127, 207, 135, 184, 11, 28, 42, 40, 224, 131, 7, 184, 17, 162, 86, 150, 194, 148, 240, 88, 121, 268, 31, 279, 33, 135, 116, 137, 188, 150, 218, 44, 131, 203, 232, 41, 215, 121, 29, 97, 219, 8, 45, 267, 73, 126, 286, 228, 271, 85, 50, 288, 156, 31, 195, 265, 248, 251, 71, 36, 123, 178, 74, 215, 177, 59, 27, 171, 165, 84, 150, 143, 106, 52, 15, 148, 148, 275, 248, 12, 45, 145, 12, 91, 224, 256, 253, 24, 219, 1, 56, 12, 71, 227, 257, 138, 104, 138, 174, 54, 190, 202, 74, 57, 60, 183, 195, 86, 30, 239, 12, 12, 198, 92, 242, 59, 138, 32, 197, 207, 116, 255, 132, 219, 266, 223, 111, 252, 200, 65, 21, 284, 116, 167, 56, 223, 134, 232, 78, 240, 169, 60, 88, 252, 169, 181, 196, 10, 259, 190, 23, 235, 219, 42, 46, 176, 264, 85, 209, 287, 288, 258, 118, 18, 19, 145, 6, 256, 75, 239, 132, 253, 100, 121, 239, 273, 155, 285, 177, 122, 30, 44, 138, 146, 157, 110, 46, 118, 283, 199, 136, 242, 176, 106, 115, 110, 113, 58, 190, 101, 35, 204, 152, 75, 20, 51, 49, 14, 277, 246, 2, 240, 203, 15, 83, 200, 191, }
livetime  = 33
kill  = 0
Hunger
2:
name   = F
TypeId = 1
Power  = 3
{199, 170, 236, 25, 162, 162, 270, 112, 154, 141, 67, 52, 198, 273, 83, 95, 241, 142, 181, 53, 119, 94, 264, 214, 216, 39, 79, 277, 224, 35, 233, 266, 101, 146, 254, 37, 264, 91, 85, 228, 58, 194, 78, 199, 2, 155, 137, 105, 239, 106, 104, 111, 120, 53, 171, 154, 282, 222, 232, 253, 244, 68, 132, 34, 210, 37, 143, 196, 250, 91, 48, 289, 73, 147, 236, 21, 261, 18, 200, 134, 140, 100, 66, 117, 181, 105, 210, 51, 128, 45, 31, 264, 205, 186, 176, 130, 172, 127, 141, 231, 50, 192, 165, 139, 238, 95, 6, 234, 207, 102, 109, 23, 73, 252, 82, 133, 227, 282, 30, 125, 6, 53, 140, 166, 66, 25, 227, 92, 191, 209, 156, 120, 50, 22, 197, 199, 270, 110, 31, 0, 64, 133, 31, 238, 251, 81, 120, 237, 240, 42, 256, 61, 148, 132, 132, 63, 79, 40, 239, 36, 199, 113, 277, 43, 61, 265, 2, 239, 35, 7, 35, 19, 53, 135, 121, 13, 99, 132, 48, 60, 201, 71, 39, 118, 166, 205, 116, 140, 144, 169, 269, 5, 278, 110, 203, 77, 117, 154, 234, 133, 177, 160, 221, 251, 100, 248, 108, 90, 61, 227, 91, 248, 263, 71, 261, 256, 284, 284, 270, 192, 215, 121, 71, 41, 9, 39, 166, 149, 198, 208, 83, 41, 149, 280, 103, 155, 15, 217, 169, 93, 22, 108, 199, 62, 170, 269, 100, 136, 56, 240, 87, 36, 192, 19, 189, 283, }
livetime  = 33
kill  = 0
Hunger
